Particle,Iter,zp[i],uzp[i],xp[i],uxp[i],
0,0,0.0000,2013.3339,0.0000,0.0000
0,1,0.0002,2013.3339,0.0000,0.0000
0,2,0.0004,2013.3339,0.0000,0.0000
0,3,0.0006,2013.3339,0.0000,0.0000
0,4,0.0008,2013.3339,0.0000,0.0000
0,5,0.0010,2013.3339,0.0000,0.0000
0,6,0.0012,2013.3339,0.0000,0.0000
0,7,0.0014,2013.3339,0.0000,0.0000
0,8,0.0016,2013.3339,0.0000,0.0000
0,9,0.0018,2013.3339,0.0000,0.0000
0,10,0.0020,2013.3339,0.0000,0.0000
0,11,0.0022,2013.3339,0.0000,0.0000
0,12,0.0024,2013.3339,0.0000,0.0000
0,13,0.0026,2013.3339,0.0000,0.0000
0,14,0.0028,2013.3339,0.0000,0.0000
0,15,0.0030,2013.3339,0.0000,0.0000
0,16,0.0032,2013.3339,0.0000,0.0000
0,17,0.0034,2013.3339,0.0000,0.0000
0,18,0.0036,2013.3339,0.0000,0.0000
0,19,0.0038,2013.3339,0.0000,0.0000
0,20,0.0040,2013.3339,0.0000,0.0000
0,21,0.0042,2013.3339,0.0000,0.0000
0,22,0.0044,2013.3339,0.0000,0.0000
0,23,0.0046,2013.3339,0.0000,0.0000
0,24,0.0048,2013.3339,0.0000,0.0000
0,25,0.0050,2013.3339,0.0000,0.0000
0,26,0.0052,2013.3339,0.0000,0.0000
0,27,0.0054,2013.3339,0.0000,0.0000
0,28,0.0056,2013.3339,0.0000,0.0000
0,29,0.0058,2013.3339,0.0000,0.0000
0,30,0.0060,2013.3339,0.0000,0.0000
0,31,0.0062,2013.3339,0.0000,0.0000
0,32,0.0064,2013.3339,0.0000,0.0000
0,33,0.0066,2013.3339,0.0000,0.0000
0,34,0.0068,2013.3339,0.0000,0.0000
0,35,0.0070,2013.3339,0.0000,0.0000
0,36,0.0072,2013.3339,0.0000,0.0000
0,37,0.0074,2013.3339,0.0000,0.0000
0,38,0.0077,2013.3339,0.0000,0.0000
0,39,0.0079,2013.3339,0.0000,0.0000
0,40,0.0081,2013.3339,0.0000,0.0000
0,41,0.0083,2013.3339,0.0000,0.0000
0,42,0.0085,2013.3339,0.0000,0.0000
0,43,0.0087,2013.3339,0.0000,0.0000
0,44,0.0089,2013.3339,0.0000,0.0000
0,45,0.0091,2013.3339,0.0000,0.0000
0,46,0.0093,2013.3339,0.0000,0.0000
0,47,0.0095,2013.3339,0.0000,0.0000
0,48,0.0097,2013.3339,0.0000,0.0000
0,49,0.0099,2013.3339,0.0000,0.0000
0,50,0.0101,2013.3339,0.0000,0.0000
0,51,0.0103,2013.3339,0.0000,0.0000
0,52,0.0105,2013.3339,0.0000,0.0000
0,53,0.0107,2013.3339,0.0000,0.0000
0,54,0.0109,2013.3339,0.0000,0.0000
0,55,0.0111,2013.3339,0.0000,0.0000
0,56,0.0113,2013.3339,0.0000,0.0000
0,57,0.0115,2013.3339,0.0000,0.0000
0,58,0.0117,2013.3339,0.0000,0.0000
0,59,0.0119,2013.3339,0.0000,0.0000
0,60,0.0121,2013.3339,0.0000,0.0000
0,61,0.0123,2013.3339,0.0000,0.0000
0,62,0.0125,2013.3339,0.0000,0.0000
0,63,0.0127,2013.3339,0.0000,0.0000
0,64,0.0129,2013.3339,0.0000,0.0000
0,65,0.0131,2013.3339,0.0000,0.0000
0,66,0.0133,2013.3339,0.0000,0.0000
0,67,0.0135,2013.3339,0.0000,0.0000
0,68,0.0137,2013.3339,0.0000,0.0000
0,69,0.0139,2013.3339,0.0000,0.0000
0,70,0.0141,2013.3339,0.0000,0.0000
0,71,0.0143,2013.3339,0.0000,0.0000
0,72,0.0145,2013.3339,0.0000,0.0000
0,73,0.0147,2013.3339,0.0000,0.0000
0,74,0.0149,2013.3339,0.0000,0.0000
0,75,0.0151,2013.3339,0.0000,0.0000
0,76,0.0153,2013.3339,0.0000,0.0000
0,77,0.0155,2013.3339,0.0000,0.0000
0,78,0.0157,2013.3339,0.0000,0.0000
0,79,0.0159,2013.3339,0.0000,0.0000
0,80,0.0161,2013.3339,0.0000,0.0000
0,81,0.0163,2013.3339,0.0000,0.0000
0,82,0.0165,2013.3339,0.0000,0.0000
0,83,0.0167,2013.3339,0.0000,0.0000
0,84,0.0169,2013.3339,0.0000,0.0000
0,85,0.0171,2013.3339,0.0000,0.0000
0,86,0.0173,2013.3339,0.0000,0.0000
0,87,0.0175,2013.3339,0.0000,0.0000
0,88,0.0177,2013.3339,0.0000,0.0000
0,89,0.0179,2013.3339,0.0000,0.0000
0,90,0.0181,2013.3339,0.0000,0.0000
0,91,0.0183,2013.3339,0.0000,0.0000
0,92,0.0185,2013.3339,0.0000,0.0000
0,93,0.0187,2013.3339,0.0000,0.0000
0,94,0.0189,2013.3339,0.0000,0.0000
0,95,0.0191,2013.3339,0.0000,0.0000
0,96,0.0193,2013.3339,0.0000,0.0000
0,97,0.0195,2013.3339,0.0000,0.0000
0,98,0.0197,2013.3339,0.0000,0.0000
0,99,0.0199,2013.3339,0.0000,0.0000
0,100,0.0201,2013.3339,0.0000,0.0000
0,101,0.0203,2013.3339,0.0000,0.0000
0,102,0.0205,2013.3339,0.0000,0.0000
0,103,0.0207,2013.3339,0.0000,0.0000
0,104,0.0209,2013.3339,0.0000,0.0000
0,105,0.0211,2013.3339,0.0000,0.0000
0,106,0.0213,2013.3339,0.0000,0.0000
0,107,0.0215,2013.3339,0.0000,0.0000
0,108,0.0217,2013.3339,0.0000,0.0000
0,109,0.0219,2013.3339,0.0000,0.0000
0,110,0.0221,2013.3339,0.0000,0.0000
0,111,0.0223,2013.3339,0.0000,0.0000
0,112,0.0225,2013.3339,0.0000,0.0000
0,113,0.0228,2013.3339,0.0000,0.0000
0,114,0.0230,2013.3339,0.0000,0.0000
0,115,0.0232,2013.3339,0.0000,0.0000
0,116,0.0234,2013.3339,0.0000,0.0000
0,117,0.0236,2013.3339,0.0000,0.0000
0,118,0.0238,2013.3339,0.0000,0.0000
0,119,0.0240,2013.3339,0.0000,0.0000
0,120,0.0242,2013.3339,0.0000,0.0000
0,121,0.0244,2013.3339,0.0000,0.0000
0,122,0.0246,2013.3339,0.0000,0.0000
0,123,0.0248,2013.3339,0.0000,0.0000
0,124,0.0250,2013.3339,0.0000,0.0000
0,125,0.0252,2013.3339,0.0000,0.0000
0,126,0.0254,2013.3339,0.0000,0.0000
0,127,0.0256,2013.3339,0.0000,0.0000
0,128,0.0258,2013.3339,0.0000,0.0000
0,129,0.0260,2013.3339,0.0000,0.0000
0,130,0.0262,2013.3339,0.0000,0.0000
0,131,0.0264,2013.3339,0.0000,0.0000
0,132,0.0266,2013.3339,0.0000,0.0000
0,133,0.0268,2013.3339,0.0000,0.0000
0,134,0.0270,2013.3339,0.0000,0.0000
0,135,0.0272,2013.3338,0.0000,0.0000
0,136,0.0274,2013.3338,0.0000,0.0000
0,137,0.0276,2013.3338,0.0000,0.0000
0,138,0.0278,2013.3338,0.0000,0.0000
0,139,0.0280,2013.3338,0.0000,0.0000
0,140,0.0282,2013.3338,0.0000,0.0000
0,141,0.0284,2013.3338,0.0000,0.0000
0,142,0.0286,2013.3338,0.0000,0.0000
0,143,0.0288,2013.3338,0.0000,0.0000
0,144,0.0290,2013.3338,0.0000,0.0000
0,145,0.0292,2013.3338,0.0000,0.0000
0,146,0.0294,2013.3338,0.0000,0.0000
0,147,0.0296,2013.3338,0.0000,0.0000
0,148,0.0298,2013.3338,0.0000,0.0000
0,149,0.0300,2013.3338,0.0000,0.0000
0,150,0.0302,2013.3338,0.0000,0.0000
0,151,0.0304,2013.3338,0.0000,0.0000
0,152,0.0306,2013.3338,0.0000,0.0000
0,153,0.0308,2013.3338,0.0000,0.0000
0,154,0.0310,2013.3338,0.0000,0.0000
0,155,0.0312,2013.3338,0.0000,0.0000
0,156,0.0314,2013.3338,0.0000,0.0000
0,157,0.0316,2013.3338,0.0000,0.0000
0,158,0.0318,2013.3338,0.0000,0.0000
0,159,0.0320,2013.3338,0.0000,0.0000
0,160,0.0322,2013.3338,0.0000,0.0000
0,161,0.0324,2013.3338,0.0000,0.0000
0,162,0.0326,2013.3338,0.0000,0.0000
0,163,0.0328,2013.3338,0.0000,0.0000
0,164,0.0330,2013.3338,0.0000,0.0000
0,165,0.0332,2013.3338,0.0000,0.0000
0,166,0.0334,2013.3338,0.0000,0.0000
0,167,0.0336,2013.3338,0.0000,0.0000
0,168,0.0338,2013.3338,0.0000,0.0000
0,169,0.0340,2013.3338,0.0000,0.0000
0,170,0.0342,2013.3338,0.0000,0.0000
0,171,0.0344,2013.3338,0.0000,0.0000
0,172,0.0346,2013.3338,0.0000,0.0000
0,173,0.0348,2013.3338,0.0000,0.0000
0,174,0.0350,2013.3338,0.0000,0.0000
0,175,0.0352,2013.3338,0.0000,0.0000
0,176,0.0354,2013.3338,0.0000,0.0000
0,177,0.0356,2013.3338,0.0000,0.0000
0,178,0.0358,2013.3338,0.0000,0.0000
0,179,0.0360,2013.3338,0.0000,0.0000
0,180,0.0362,2013.3338,0.0000,0.0000
0,181,0.0364,2013.3338,0.0000,0.0000
0,182,0.0366,2013.3338,0.0000,0.0000
0,183,0.0368,2013.3338,0.0000,0.0000
0,184,0.0370,2013.3338,0.0000,0.0000
0,185,0.0372,2013.3338,0.0000,0.0000
0,186,0.0374,2013.3338,0.0000,0.0000
0,187,0.0376,2013.3338,0.0000,0.0000
0,188,0.0379,2013.3338,0.0000,0.0000
0,189,0.0381,2013.3338,0.0000,0.0000
0,190,0.0383,2013.3338,0.0000,0.0000
0,191,0.0385,2013.3338,0.0000,0.0000
0,192,0.0387,2013.3338,0.0000,0.0000
0,193,0.0389,2013.3338,0.0000,0.0000
0,194,0.0391,2013.3338,0.0000,0.0000
0,195,0.0393,2013.3338,0.0000,0.0000
0,196,0.0395,2013.3338,0.0000,0.0000
0,197,0.0397,2013.3338,0.0000,0.0000
0,198,0.0399,2013.3338,0.0000,0.0000
0,199,0.0401,2013.3338,0.0000,0.0000
0,200,0.0403,2013.3338,0.0000,0.0000
0,201,0.0405,2013.3338,0.0000,0.0000
0,202,0.0407,2013.3338,0.0000,0.0000
0,203,0.0409,2013.3338,0.0000,0.0000
0,204,0.0411,2013.3338,0.0000,0.0000
0,205,0.0413,2013.3338,0.0000,0.0000
0,206,0.0415,2013.3338,0.0000,0.0000
0,207,0.0417,2013.3338,0.0000,0.0000
0,208,0.0419,2013.3338,0.0000,0.0000
0,209,0.0421,2013.3338,0.0000,0.0000
0,210,0.0423,2013.3338,0.0000,0.0000
0,211,0.0425,2013.3338,0.0000,0.0000
0,212,0.0427,2013.3338,0.0000,0.0000
0,213,0.0429,2013.3338,0.0000,0.0000
0,214,0.0431,2013.3338,0.0000,0.0000
0,215,0.0433,2013.3338,0.0000,0.0000
0,216,0.0435,2013.3338,0.0000,0.0000
0,217,0.0437,2013.3338,0.0000,0.0000
0,218,0.0439,2013.3338,0.0000,0.0000
0,219,0.0441,2013.3338,0.0000,0.0000
0,220,0.0443,2013.3338,0.0000,0.0000
0,221,0.0445,2013.3338,0.0000,0.0000
0,222,0.0447,2013.3338,0.0000,0.0000
0,223,0.0449,2013.3338,0.0000,0.0000
0,224,0.0451,2013.3338,0.0000,0.0000
0,225,0.0453,2013.3338,0.0000,0.0000
0,226,0.0455,2013.3338,0.0000,0.0000
0,227,0.0457,2013.3338,0.0000,0.0000
0,228,0.0459,2013.3338,0.0000,0.0000
0,229,0.0461,2013.3338,0.0000,0.0000
0,230,0.0463,2013.3338,0.0000,0.0000
0,231,0.0465,2013.3337,0.0000,0.0000
0,232,0.0467,2013.3337,0.0000,0.0000
0,233,0.0469,2013.3337,0.0000,0.0000
0,234,0.0471,2013.3337,0.0000,0.0000
0,235,0.0473,2013.3337,0.0000,0.0000
0,236,0.0475,2013.3337,0.0000,0.0000
0,237,0.0477,2013.3337,0.0000,0.0000
0,238,0.0479,2013.3337,0.0000,0.0000
0,239,0.0481,2013.3337,0.0000,0.0000
0,240,0.0483,2013.3337,0.0000,0.0000
0,241,0.0485,2013.3337,0.0000,0.0000
0,242,0.0487,2013.3337,0.0000,0.0000
0,243,0.0489,2013.3337,0.0000,0.0000
0,244,0.0491,2013.3337,0.0000,0.0000
0,245,0.0493,2013.3337,0.0000,0.0000
0,246,0.0495,2013.3337,0.0000,0.0000
0,247,0.0497,2013.3337,0.0000,0.0000
0,248,0.0499,2013.3337,0.0000,0.0000
0,249,0.0501,2013.3337,0.0000,0.0000
0,250,0.0503,2013.3337,0.0000,0.0000
0,251,0.0505,2013.3337,0.0000,0.0000
0,252,0.0507,2013.3337,0.0000,0.0000
0,253,0.0509,2013.3337,0.0000,0.0000
0,254,0.0511,2013.3337,0.0000,0.0000
0,255,0.0513,2013.3337,0.0000,0.0000
0,256,0.0515,2013.3337,0.0000,0.0000
0,257,0.0517,2013.3337,0.0000,0.0000
0,258,0.0519,2013.3337,0.0000,0.0000
0,259,0.0521,2013.3337,0.0000,0.0000
0,260,0.0523,2013.3337,0.0000,0.0000
0,261,0.0525,2013.3337,0.0000,0.0000
0,262,0.0527,2013.3337,0.0000,0.0000
0,263,0.0530,2013.3337,0.0000,0.0000
0,264,0.0532,2013.3337,0.0000,0.0000
0,265,0.0534,2013.3337,0.0000,0.0000
0,266,0.0536,2013.3337,0.0000,0.0000
0,267,0.0538,2013.3337,0.0000,0.0000
0,268,0.0540,2013.3337,0.0000,0.0000
0,269,0.0542,2013.3337,0.0000,0.0000
0,270,0.0544,2013.3337,0.0000,0.0000
0,271,0.0546,2013.3337,0.0000,0.0000
0,272,0.0548,2013.3337,0.0000,0.0000
0,273,0.0550,2013.3337,0.0000,0.0000
0,274,0.0552,2013.3337,0.0000,0.0000
0,275,0.0554,2013.3337,0.0000,0.0000
0,276,0.0556,2013.3337,0.0000,0.0000
0,277,0.0558,2013.3337,0.0000,0.0000
0,278,0.0560,2013.3337,0.0000,0.0000
0,279,0.0562,2013.3337,0.0000,0.0000
0,280,0.0564,2013.3337,0.0000,0.0000
0,281,0.0566,2013.3337,0.0000,0.0000
0,282,0.0568,2013.3336,0.0000,0.0000
0,283,0.0570,2013.3336,0.0000,0.0000
0,284,0.0572,2013.3336,0.0000,0.0000
0,285,0.0574,2013.3336,0.0000,0.0000
0,286,0.0576,2013.3336,0.0000,0.0000
0,287,0.0578,2013.3336,0.0000,0.0000
0,288,0.0580,2013.3336,0.0000,0.0000
0,289,0.0582,2013.3336,0.0000,0.0000
0,290,0.0584,2013.3336,0.0000,0.0000
0,291,0.0586,2013.3336,0.0000,0.0000
0,292,0.0588,2013.3336,0.0000,0.0000
0,293,0.0590,2013.3336,0.0000,0.0000
0,294,0.0592,2013.3336,0.0000,0.0000
0,295,0.0594,2013.3336,0.0000,0.0000
0,296,0.0596,2013.3336,0.0000,0.0000
0,297,0.0598,2013.3336,0.0000,0.0000
0,298,0.0600,2013.3336,0.0000,0.0000
0,299,0.0602,2013.3336,0.0000,0.0000
0,300,0.0604,2013.3336,0.0000,0.0000
0,301,0.0606,2013.3336,0.0000,0.0000
0,302,0.0608,2013.3336,0.0000,0.0000
0,303,0.0610,2013.3336,0.0000,0.0000
0,304,0.0612,2013.3336,0.0000,0.0000
0,305,0.0614,2013.3336,0.0000,0.0000
0,306,0.0616,2013.3336,0.0000,0.0000
0,307,0.0618,2013.3336,0.0000,0.0000
0,308,0.0620,2013.3336,0.0000,0.0000
0,309,0.0622,2013.3336,0.0000,0.0000
0,310,0.0624,2013.3336,0.0000,0.0000
0,311,0.0626,2013.3336,0.0000,0.0000
0,312,0.0628,2013.3336,0.0000,0.0000
0,313,0.0630,2013.3336,0.0000,0.0000
0,314,0.0632,2013.3336,0.0000,0.0000
0,315,0.0634,2013.3336,0.0000,0.0000
0,316,0.0636,2013.3336,0.0000,0.0000
0,317,0.0638,2013.3336,0.0000,0.0000
0,318,0.0640,2013.3336,0.0000,0.0000
0,319,0.0642,2013.3335,0.0000,0.0000
0,320,0.0644,2013.3335,0.0000,0.0000
0,321,0.0646,2013.3335,0.0000,0.0000
0,322,0.0648,2013.3335,0.0000,0.0000
0,323,0.0650,2013.3335,0.0000,0.0000
0,324,0.0652,2013.3335,0.0000,0.0000
0,325,0.0654,2013.3335,0.0000,0.0000
0,326,0.0656,2013.3335,0.0000,0.0000
0,327,0.0658,2013.3335,0.0000,0.0000
0,328,0.0660,2013.3335,0.0000,0.0000
0,329,0.0662,2013.3335,0.0000,0.0000
0,330,0.0664,2013.3335,0.0000,0.0000
0,331,0.0666,2013.3335,0.0000,0.0000
0,332,0.0668,2013.3335,0.0000,0.0000
0,333,0.0670,2013.3335,0.0000,0.0000
0,334,0.0672,2013.3335,0.0000,0.0000
0,335,0.0674,2013.3335,0.0000,0.0000
0,336,0.0676,2013.3335,0.0000,0.0000
0,337,0.0678,2013.3335,0.0000,0.0000
0,338,0.0681,2013.3335,0.0000,0.0000
0,339,0.0683,2013.3335,0.0000,0.0000
0,340,0.0685,2013.3335,0.0000,0.0000
0,341,0.0687,2013.3335,0.0000,0.0000
0,342,0.0689,2013.3335,0.0000,0.0000
0,343,0.0691,2013.3335,0.0000,0.0000
0,344,0.0693,2013.3335,0.0000,0.0000
0,345,0.0695,2013.3335,0.0000,0.0000
0,346,0.0697,2013.3334,0.0000,0.0000
0,347,0.0699,2013.3334,0.0000,0.0000
0,348,0.0701,2013.3334,0.0000,0.0000
0,349,0.0703,2013.3334,0.0000,0.0000
0,350,0.0705,2013.3334,0.0000,0.0000
0,351,0.0707,2013.3334,0.0000,0.0000
0,352,0.0709,2013.3334,0.0000,0.0000
0,353,0.0711,2013.3334,0.0000,0.0000
0,354,0.0713,2013.3334,0.0000,0.0000
0,355,0.0715,2013.3334,0.0000,0.0000
0,356,0.0717,2013.3334,0.0000,0.0000
0,357,0.0719,2013.3334,0.0000,0.0000
0,358,0.0721,2013.3334,0.0000,0.0000
0,359,0.0723,2013.3334,0.0000,0.0000
0,360,0.0725,2013.3334,0.0000,0.0000
0,361,0.0727,2013.3334,0.0000,0.0000
0,362,0.0729,2013.3334,0.0000,0.0000
0,363,0.0731,2013.3334,0.0000,0.0000
0,364,0.0733,2013.3334,0.0000,0.0000
0,365,0.0735,2013.3334,0.0000,0.0000
0,366,0.0737,2013.3334,0.0000,0.0000
0,367,0.0739,2013.3334,0.0000,0.0000
0,368,0.0741,2013.3334,0.0000,0.0000
0,369,0.0743,2013.3333,0.0000,0.0000
0,370,0.0745,2013.3333,0.0000,0.0000
0,371,0.0747,2013.3333,0.0000,0.0000
0,372,0.0749,2013.3333,0.0000,0.0000
0,373,0.0751,2013.3333,0.0000,0.0000
0,374,0.0753,2013.3333,0.0000,0.0000
0,375,0.0755,2013.3333,0.0000,0.0000
0,376,0.0757,2013.3333,0.0000,0.0000
0,377,0.0759,2013.3333,0.0000,0.0000
0,378,0.0761,2013.3333,0.0000,0.0000
0,379,0.0763,2013.3333,0.0000,0.0000
0,380,0.0765,2013.3333,0.0000,0.0000
0,381,0.0767,2013.3333,0.0000,0.0000
0,382,0.0769,2013.3333,0.0000,0.0000
0,383,0.0771,2013.3333,0.0000,0.0000
0,384,0.0773,2013.3333,0.0000,0.0000
0,385,0.0775,2013.3333,0.0000,0.0000
0,386,0.0777,2013.3333,0.0000,0.0000
0,387,0.0779,2013.3333,0.0000,0.0000
0,388,0.0781,2013.3332,0.0000,0.0000
0,389,0.0783,2013.3332,0.0000,0.0000
0,390,0.0785,2013.3332,0.0000,0.0000
0,391,0.0787,2013.3332,0.0000,0.0000
0,392,0.0789,2013.3332,0.0000,0.0000
0,393,0.0791,2013.3332,0.0000,0.0000
0,394,0.0793,2013.3332,0.0000,0.0000
0,395,0.0795,2013.3332,0.0000,0.0000
0,396,0.0797,2013.3332,0.0000,0.0000
0,397,0.0799,2013.3332,0.0000,0.0000
0,398,0.0801,2013.3332,0.0000,0.0000
0,399,0.0803,2013.3332,0.0000,0.0000
0,400,0.0805,2013.3332,0.0000,0.0000
0,401,0.0807,2013.3332,0.0000,0.0000
0,402,0.0809,2013.3332,0.0000,0.0000
0,403,0.0811,2013.3332,0.0000,0.0000
0,404,0.0813,2013.3332,0.0000,0.0000
0,405,0.0815,2013.3331,0.0000,0.0000
0,406,0.0817,2013.3331,0.0000,0.0000
0,407,0.0819,2013.3331,0.0000,0.0000
0,408,0.0821,2013.3331,0.0000,0.0000
0,409,0.0823,2013.3331,0.0000,0.0000
0,410,0.0825,2013.3331,0.0000,0.0000
0,411,0.0827,2013.3331,0.0000,0.0000
0,412,0.0829,2013.3331,0.0000,0.0000
0,413,0.0832,2013.3331,0.0000,0.0000
0,414,0.0834,2013.3331,0.0000,0.0000
0,415,0.0836,2013.3331,0.0000,0.0000
0,416,0.0838,2013.3331,0.0000,0.0000
0,417,0.0840,2013.3331,0.0000,0.0000
0,418,0.0842,2013.3331,0.0000,0.0000
0,419,0.0844,2013.3331,0.0000,0.0000
0,420,0.0846,2013.3330,0.0000,0.0000
0,421,0.0848,2013.3330,0.0000,0.0000
0,422,0.0850,2013.3330,0.0000,0.0000
0,423,0.0852,2013.3330,0.0000,0.0000
0,424,0.0854,2013.3330,0.0000,0.0000
0,425,0.0856,2013.3330,0.0000,0.0000
0,426,0.0858,2013.3330,0.0000,0.0000
0,427,0.0860,2013.3330,0.0000,0.0000
0,428,0.0862,2013.3330,0.0000,0.0000
0,429,0.0864,2013.3330,0.0000,0.0000
0,430,0.0866,2013.3330,0.0000,0.0000
0,431,0.0868,2013.3330,0.0000,0.0000
0,432,0.0870,2013.3330,0.0000,0.0000
0,433,0.0872,2013.3329,0.0000,0.0000
0,434,0.0874,2013.3329,0.0000,0.0000
0,435,0.0876,2013.3329,0.0000,0.0000
0,436,0.0878,2013.3329,0.0000,0.0000
0,437,0.0880,2013.3329,0.0000,0.0000
0,438,0.0882,2013.3329,0.0000,0.0000
0,439,0.0884,2013.3329,0.0000,0.0000
0,440,0.0886,2013.3329,0.0000,0.0000
0,441,0.0888,2013.3329,0.0000,0.0000
0,442,0.0890,2013.3329,0.0000,0.0000
0,443,0.0892,2013.3329,0.0000,0.0000
0,444,0.0894,2013.3328,0.0000,0.0000
0,445,0.0896,2013.3328,0.0000,0.0000
0,446,0.0898,2013.3328,0.0000,0.0000
0,447,0.0900,2013.3328,0.0000,0.0000
0,448,0.0902,2013.3328,0.0000,0.0000
0,449,0.0904,2013.3328,0.0000,0.0000
0,450,0.0906,2013.3328,0.0000,0.0000
0,451,0.0908,2013.3328,0.0000,0.0000
0,452,0.0910,2013.3328,0.0000,0.0000
0,453,0.0912,2013.3328,0.0000,0.0000
0,454,0.0914,2013.3328,0.0000,0.0000
0,455,0.0916,2013.3327,0.0000,0.0000
0,456,0.0918,2013.3327,0.0000,0.0000
0,457,0.0920,2013.3327,0.0000,0.0000
0,458,0.0922,2013.3327,0.0000,0.0000
0,459,0.0924,2013.3327,0.0000,0.0000
0,460,0.0926,2013.3327,0.0000,0.0000
0,461,0.0928,2013.3327,0.0000,0.0000
0,462,0.0930,2013.3327,0.0000,0.0000
0,463,0.0932,2013.3327,0.0000,0.0000
0,464,0.0934,2013.3327,0.0000,0.0000
0,465,0.0936,2013.3326,0.0000,0.0000
0,466,0.0938,2013.3326,0.0000,0.0000
0,467,0.0940,2013.3326,0.0000,0.0000
0,468,0.0942,2013.3326,0.0000,0.0000
0,469,0.0944,2013.3326,0.0000,0.0000
0,470,0.0946,2013.3326,0.0000,0.0000
0,471,0.0948,2013.3326,0.0000,0.0000
0,472,0.0950,2013.3326,0.0000,0.0000
0,473,0.0952,2013.3326,0.0000,0.0000
0,474,0.0954,2013.3325,0.0000,0.0000
0,475,0.0956,2013.3325,0.0000,0.0000
0,476,0.0958,2013.3325,0.0000,0.0000
0,477,0.0960,2013.3325,0.0000,0.0000
0,478,0.0962,2013.3325,0.0000,0.0000
0,479,0.0964,2013.3325,0.0000,0.0000
0,480,0.0966,2013.3325,0.0000,0.0000
0,481,0.0968,2013.3325,0.0000,0.0000
0,482,0.0970,2013.3325,0.0000,0.0000
0,483,0.0972,2013.3324,0.0000,0.0000
0,484,0.0974,2013.3324,0.0000,0.0000
0,485,0.0976,2013.3324,0.0000,0.0000
0,486,0.0978,2013.3324,0.0000,0.0000
0,487,0.0980,2013.3324,0.0000,0.0000
0,488,0.0983,2013.3324,0.0000,0.0000
0,489,0.0985,2013.3324,0.0000,0.0000
0,490,0.0987,2013.3324,0.0000,0.0000
0,491,0.0989,2013.3323,0.0000,0.0000
0,492,0.0991,2013.3323,0.0000,0.0000
0,493,0.0993,2013.3323,0.0000,0.0000
0,494,0.0995,2013.3323,0.0000,0.0000
0,495,0.0997,2013.3323,0.0000,0.0000
0,496,0.0999,2013.3323,0.0000,0.0000
0,497,0.1001,2013.3323,0.0000,0.0000
0,498,0.1003,2013.3322,0.0000,0.0000
0,499,0.1005,2013.3322,0.0000,0.0000
0,500,0.1007,2013.3322,0.0000,0.0000
0,501,0.1009,2013.3322,0.0000,0.0000
0,502,0.1011,2013.3322,0.0000,0.0000
0,503,0.1013,2013.3322,0.0000,0.0000
0,504,0.1015,2013.3322,0.0000,0.0000
0,505,0.1017,2013.3322,0.0000,0.0000
0,506,0.1019,2013.3321,0.0000,0.0000
0,507,0.1021,2013.3321,0.0000,0.0000
0,508,0.1023,2013.3321,0.0000,0.0000
0,509,0.1025,2013.3321,0.0000,0.0000
0,510,0.1027,2013.3321,0.0000,0.0000
0,511,0.1029,2013.3321,0.0000,0.0000
0,512,0.1031,2013.3320,0.0000,0.0000
0,513,0.1033,2013.3320,0.0000,0.0000
0,514,0.1035,2013.3320,0.0000,0.0000
0,515,0.1037,2013.3320,0.0000,0.0000
0,516,0.1039,2013.3320,0.0000,0.0000
0,517,0.1041,2013.3320,0.0000,0.0000
0,518,0.1043,2013.3320,0.0000,0.0000
0,519,0.1045,2013.3319,0.0000,0.0000
0,520,0.1047,2013.3319,0.0000,0.0000
0,521,0.1049,2013.3319,0.0000,0.0000
0,522,0.1051,2013.3319,0.0000,0.0000
0,523,0.1053,2013.3319,0.0000,0.0000
0,524,0.1055,2013.3319,0.0000,0.0000
0,525,0.1057,2013.3318,0.0000,0.0000
0,526,0.1059,2013.3318,0.0000,0.0000
0,527,0.1061,2013.3318,0.0000,0.0000
0,528,0.1063,2013.3318,0.0000,0.0000
0,529,0.1065,2013.3318,0.0000,0.0000
0,530,0.1067,2013.3317,0.0000,0.0000
0,531,0.1069,2013.3317,0.0000,0.0000
0,532,0.1071,2013.3317,0.0000,0.0000
0,533,0.1073,2013.3317,0.0000,0.0000
0,534,0.1075,2013.3317,0.0000,0.0000
0,535,0.1077,2013.3317,0.0000,0.0000
0,536,0.1079,2013.3316,0.0000,0.0000
0,537,0.1081,2013.3316,0.0000,0.0000
0,538,0.1083,2013.3316,0.0000,0.0000
0,539,0.1085,2013.3316,0.0000,0.0000
0,540,0.1087,2013.3316,0.0000,0.0000
0,541,0.1089,2013.3315,0.0000,0.0000
0,542,0.1091,2013.3315,0.0000,0.0000
0,543,0.1093,2013.3315,0.0000,0.0000
0,544,0.1095,2013.3315,0.0000,0.0000
0,545,0.1097,2013.3315,0.0000,0.0000
0,546,0.1099,2013.3314,0.0000,0.0000
0,547,0.1101,2013.3314,0.0000,0.0000
0,548,0.1103,2013.3314,0.0000,0.0000
0,549,0.1105,2013.3314,0.0000,0.0000
0,550,0.1107,2013.3314,0.0000,0.0000
0,551,0.1109,2013.3313,0.0000,0.0000
0,552,0.1111,2013.3313,0.0000,0.0000
0,553,0.1113,2013.3313,0.0000,0.0000
0,554,0.1115,2013.3313,0.0000,0.0000
0,555,0.1117,2013.3313,0.0000,0.0000
0,556,0.1119,2013.3312,0.0000,0.0000
0,557,0.1121,2013.3312,0.0000,0.0000
0,558,0.1123,2013.3312,0.0000,0.0000
0,559,0.1125,2013.3312,0.0000,0.0000
0,560,0.1127,2013.3311,0.0000,0.0000
0,561,0.1129,2013.3311,0.0000,0.0000
0,562,0.1131,2013.3311,0.0000,0.0000
0,563,0.1134,2013.3311,0.0000,0.0000
0,564,0.1136,2013.3311,0.0000,0.0000
0,565,0.1138,2013.3310,0.0000,0.0000
0,566,0.1140,2013.3310,0.0000,0.0000
0,567,0.1142,2013.3310,0.0000,0.0000
0,568,0.1144,2013.3310,0.0000,0.0000
0,569,0.1146,2013.3309,0.0000,0.0000
0,570,0.1148,2013.3309,0.0000,0.0000
0,571,0.1150,2013.3309,0.0000,0.0000
0,572,0.1152,2013.3309,0.0000,0.0000
0,573,0.1154,2013.3308,0.0000,0.0000
0,574,0.1156,2013.3308,0.0000,0.0000
0,575,0.1158,2013.3308,0.0000,0.0000
0,576,0.1160,2013.3308,0.0000,0.0000
0,577,0.1162,2013.3307,0.0000,0.0000
0,578,0.1164,2013.3307,0.0000,0.0000
0,579,0.1166,2013.3307,0.0000,0.0000
0,580,0.1168,2013.3307,0.0000,0.0000
0,581,0.1170,2013.3306,0.0000,0.0000
0,582,0.1172,2013.3306,0.0000,0.0000
0,583,0.1174,2013.3306,0.0000,0.0000
0,584,0.1176,2013.3305,0.0000,0.0000
0,585,0.1178,2013.3305,0.0000,0.0000
0,586,0.1180,2013.3305,0.0000,0.0000
0,587,0.1182,2013.3305,0.0000,0.0000
0,588,0.1184,2013.3304,0.0000,0.0000
0,589,0.1186,2013.3304,0.0000,0.0000
0,590,0.1188,2013.3304,0.0000,0.0000
0,591,0.1190,2013.3303,0.0000,0.0000
0,592,0.1192,2013.3303,0.0000,0.0000
0,593,0.1194,2013.3303,0.0000,0.0000
0,594,0.1196,2013.3303,0.0000,0.0000
0,595,0.1198,2013.3302,0.0000,0.0000
0,596,0.1200,2013.3302,0.0000,0.0000
0,597,0.1202,2013.3302,0.0000,0.0000
0,598,0.1204,2013.3301,0.0000,0.0000
0,599,0.1206,2013.3301,0.0000,0.0000
0,600,0.1208,2013.3301,0.0000,0.0000
0,601,0.1210,2013.3300,0.0000,0.0000
0,602,0.1212,2013.3300,0.0000,0.0000
0,603,0.1214,2013.3300,0.0000,0.0000
0,604,0.1216,2013.3300,0.0000,0.0000
0,605,0.1218,2013.3299,0.0000,0.0000
0,606,0.1220,2013.3299,0.0000,0.0000
0,607,0.1222,2013.3299,0.0000,0.0000
0,608,0.1224,2013.3298,0.0000,0.0000
0,609,0.1226,2013.3298,0.0000,0.0000
0,610,0.1228,2013.3298,0.0000,0.0000
0,611,0.1230,2013.3297,0.0000,0.0000
0,612,0.1232,2013.3297,0.0000,0.0000
0,613,0.1234,2013.3296,0.0000,0.0000
0,614,0.1236,2013.3296,0.0000,0.0000
0,615,0.1238,2013.3296,0.0000,0.0000
0,616,0.1240,2013.3295,0.0000,0.0000
0,617,0.1242,2013.3295,0.0000,0.0000
0,618,0.1244,2013.3295,0.0000,0.0000
0,619,0.1246,2013.3294,0.0000,0.0000
0,620,0.1248,2013.3294,0.0000,0.0000
0,621,0.1250,2013.3294,0.0000,0.0000
0,622,0.1252,2013.3293,0.0000,0.0000
0,623,0.1254,2013.3293,0.0000,0.0000
0,624,0.1256,2013.3292,0.0000,0.0000
0,625,0.1258,2013.3292,0.0000,0.0000
0,626,0.1260,2013.3292,0.0000,0.0000
0,627,0.1262,2013.3291,0.0000,0.0000
0,628,0.1264,2013.3291,0.0000,0.0000
0,629,0.1266,2013.3291,0.0000,0.0000
0,630,0.1268,2013.3290,0.0000,0.0000
0,631,0.1270,2013.3290,0.0000,0.0000
0,632,0.1272,2013.3289,0.0000,0.0000
0,633,0.1274,2013.3289,0.0000,0.0000
0,634,0.1276,2013.3289,0.0000,0.0000
0,635,0.1278,2013.3288,0.0000,0.0000
0,636,0.1280,2013.3288,0.0000,0.0000
0,637,0.1282,2013.3287,0.0000,0.0000
0,638,0.1285,2013.3287,0.0000,0.0000
0,639,0.1287,2013.3286,0.0000,0.0000
0,640,0.1289,2013.3286,0.0000,0.0000
0,641,0.1291,2013.3286,0.0000,0.0000
0,642,0.1293,2013.3285,0.0000,0.0000
0,643,0.1295,2013.3285,0.0000,0.0000
0,644,0.1297,2013.3284,0.0000,0.0000
0,645,0.1299,2013.3284,0.0000,0.0000
0,646,0.1301,2013.3283,0.0000,0.0000
0,647,0.1303,2013.3283,0.0000,0.0000
0,648,0.1305,2013.3282,0.0000,0.0000
0,649,0.1307,2013.3282,0.0000,0.0000
0,650,0.1309,2013.3282,0.0000,0.0000
0,651,0.1311,2013.3281,0.0000,0.0000
0,652,0.1313,2013.3281,0.0000,0.0000
0,653,0.1315,2013.3280,0.0000,0.0000
0,654,0.1317,2013.3280,0.0000,0.0000
0,655,0.1319,2013.3279,0.0000,0.0000
0,656,0.1321,2013.3279,0.0000,0.0000
0,657,0.1323,2013.3278,0.0000,0.0000
0,658,0.1325,2013.3278,0.0000,0.0000
0,659,0.1327,2013.3277,0.0000,0.0000
0,660,0.1329,2013.3277,0.0000,0.0000
0,661,0.1331,2013.3276,0.0000,0.0000
0,662,0.1333,2013.3276,0.0000,0.0000
0,663,0.1335,2013.3275,0.0000,0.0000
0,664,0.1337,2013.3275,0.0000,0.0000
0,665,0.1339,2013.3274,0.0000,0.0000
0,666,0.1341,2013.3274,0.0000,0.0000
0,667,0.1343,2013.3273,0.0000,0.0000
0,668,0.1345,2013.3272,0.0000,0.0000
0,669,0.1347,2013.3272,0.0000,0.0000
0,670,0.1349,2013.3271,0.0000,0.0000
0,671,0.1351,2013.3271,0.0000,0.0000
0,672,0.1353,2013.3270,0.0000,0.0000
0,673,0.1355,2013.3270,0.0000,0.0000
0,674,0.1357,2013.3269,0.0000,0.0000
0,675,0.1359,2013.3269,0.0000,0.0000
0,676,0.1361,2013.3268,0.0000,0.0000
0,677,0.1363,2013.3267,0.0000,0.0000
0,678,0.1365,2013.3267,0.0000,0.0000
0,679,0.1367,2013.3266,0.0000,0.0000
0,680,0.1369,2013.3266,0.0000,0.0000
0,681,0.1371,2013.3265,0.0000,0.0000
0,682,0.1373,2013.3264,0.0000,0.0000
0,683,0.1375,2013.3264,0.0000,0.0000
0,684,0.1377,2013.3263,0.0000,0.0000
0,685,0.1379,2013.3263,0.0000,0.0000
0,686,0.1381,2013.3262,0.0000,0.0000
0,687,0.1383,2013.3261,0.0000,0.0000
0,688,0.1385,2013.3261,0.0000,0.0000
0,689,0.1387,2013.3260,0.0000,0.0000
0,690,0.1389,2013.3259,0.0000,0.0000
0,691,0.1391,2013.3259,0.0000,0.0000
0,692,0.1393,2013.3258,0.0000,0.0000
0,693,0.1395,2013.3257,0.0000,0.0000
0,694,0.1397,2013.3257,0.0000,0.0000
0,695,0.1399,2013.3256,0.0000,0.0000
0,696,0.1401,2013.3255,0.0000,0.0000
0,697,0.1403,2013.3255,0.0000,0.0000
0,698,0.1405,2013.3254,0.0000,0.0000
0,699,0.1407,2013.3253,0.0000,0.0000
0,700,0.1409,2013.3253,0.0000,0.0000
0,701,0.1411,2013.3252,0.0000,0.0000
0,702,0.1413,2013.3251,0.0000,0.0000
0,703,0.1415,2013.3251,0.0000,0.0000
0,704,0.1417,2013.3250,0.0000,0.0000
0,705,0.1419,2013.3249,0.0000,0.0000
0,706,0.1421,2013.3248,0.0000,0.0000
0,707,0.1423,2013.3248,0.0000,0.0000
0,708,0.1425,2013.3247,0.0000,0.0000
0,709,0.1427,2013.3246,0.0000,0.0000
0,710,0.1429,2013.3245,0.0000,0.0000
0,711,0.1431,2013.3245,0.0000,0.0000
0,712,0.1433,2013.3244,0.0000,0.0000
0,713,0.1436,2013.3243,0.0000,0.0000
0,714,0.1438,2013.3242,0.0000,0.0000
0,715,0.1440,2013.3242,0.0000,0.0000
0,716,0.1442,2013.3241,0.0000,0.0000
0,717,0.1444,2013.3240,0.0000,0.0000
0,718,0.1446,2013.3239,0.0000,0.0000
0,719,0.1448,2013.3238,0.0000,0.0000
0,720,0.1450,2013.3237,0.0000,0.0000
0,721,0.1452,2013.3237,0.0000,0.0000
0,722,0.1454,2013.3236,0.0000,0.0000
0,723,0.1456,2013.3235,0.0000,0.0000
0,724,0.1458,2013.3234,0.0000,0.0000
0,725,0.1460,2013.3233,0.0000,0.0000
0,726,0.1462,2013.3232,0.0000,0.0000
0,727,0.1464,2013.3232,0.0000,0.0000
0,728,0.1466,2013.3231,0.0000,0.0000
0,729,0.1468,2013.3230,0.0000,0.0000
0,730,0.1470,2013.3229,0.0000,0.0000
0,731,0.1472,2013.3228,0.0000,0.0000
0,732,0.1474,2013.3227,0.0000,0.0000
0,733,0.1476,2013.3226,0.0000,0.0000
0,734,0.1478,2013.3225,0.0000,0.0000
0,735,0.1480,2013.3224,0.0000,0.0000
0,736,0.1482,2013.3223,0.0000,0.0000
0,737,0.1484,2013.3222,0.0000,0.0000
0,738,0.1486,2013.3222,0.0000,0.0000
0,739,0.1488,2013.3221,0.0000,0.0000
0,740,0.1490,2013.3220,0.0000,0.0000
0,741,0.1492,2013.3219,0.0000,0.0000
0,742,0.1494,2013.3218,0.0000,0.0000
0,743,0.1496,2013.3217,0.0000,0.0000
0,744,0.1498,2013.3216,0.0000,0.0000
0,745,0.1500,2013.3215,0.0000,0.0000
0,746,0.1502,2013.3214,0.0000,0.0000
0,747,0.1504,2013.3213,0.0000,0.0000
0,748,0.1506,2013.3212,0.0000,0.0000
0,749,0.1508,2013.3211,0.0000,0.0000
0,750,0.1510,2013.3210,0.0000,0.0000
0,751,0.1512,2013.3208,0.0000,0.0000
0,752,0.1514,2013.3207,0.0000,0.0000
0,753,0.1516,2013.3206,0.0000,0.0000
0,754,0.1518,2013.3205,0.0000,0.0000
0,755,0.1520,2013.3204,0.0000,0.0000
0,756,0.1522,2013.3203,0.0000,0.0000
0,757,0.1524,2013.3202,0.0000,0.0000
0,758,0.1526,2013.3201,0.0000,0.0000
0,759,0.1528,2013.3200,0.0000,0.0000
0,760,0.1530,2013.3199,0.0000,0.0000
0,761,0.1532,2013.3197,0.0000,0.0000
0,762,0.1534,2013.3196,0.0000,0.0000
0,763,0.1536,2013.3195,0.0000,0.0000
0,764,0.1538,2013.3194,0.0000,0.0000
0,765,0.1540,2013.3193,0.0000,0.0000
0,766,0.1542,2013.3192,0.0000,0.0000
0,767,0.1544,2013.3190,0.0000,0.0000
0,768,0.1546,2013.3189,0.0000,0.0000
0,769,0.1548,2013.3188,0.0000,0.0000
0,770,0.1550,2013.3187,0.0000,0.0000
0,771,0.1552,2013.3185,0.0000,0.0000
0,772,0.1554,2013.3184,0.0000,0.0000
0,773,0.1556,2013.3183,0.0000,0.0000
0,774,0.1558,2013.3182,0.0000,0.0000
0,775,0.1560,2013.3180,0.0000,0.0000
0,776,0.1562,2013.3179,0.0000,0.0000
0,777,0.1564,2013.3178,0.0000,0.0000
0,778,0.1566,2013.3177,0.0000,0.0000
0,779,0.1568,2013.3175,0.0000,0.0000
0,780,0.1570,2013.3174,0.0000,0.0000
0,781,0.1572,2013.3173,0.0000,0.0000
0,782,0.1574,2013.3171,0.0000,0.0000
0,783,0.1576,2013.3170,0.0000,0.0000
0,784,0.1578,2013.3168,0.0000,0.0000
0,785,0.1580,2013.3167,0.0000,0.0000
0,786,0.1582,2013.3166,0.0000,0.0000
0,787,0.1584,2013.3164,0.0000,0.0000
0,788,0.1587,2013.3163,0.0000,0.0000
0,789,0.1589,2013.3161,0.0000,0.0000
0,790,0.1591,2013.3160,0.0000,0.0000
0,791,0.1593,2013.3158,0.0000,0.0000
0,792,0.1595,2013.3157,0.0000,0.0000
0,793,0.1597,2013.3156,0.0000,0.0000
0,794,0.1599,2013.3154,0.0000,0.0000
0,795,0.1601,2013.3153,0.0000,0.0000
0,796,0.1603,2013.3151,0.0000,0.0000
0,797,0.1605,2013.3149,0.0000,0.0000
0,798,0.1607,2013.3148,0.0000,0.0000
0,799,0.1609,2013.3146,0.0000,0.0000
0,800,0.1611,2013.3145,0.0000,0.0000
0,801,0.1613,2013.3143,0.0000,0.0000
0,802,0.1615,2013.3142,0.0000,0.0000
0,803,0.1617,2013.3140,0.0000,0.0000
0,804,0.1619,2013.3138,0.0000,0.0000
0,805,0.1621,2013.3137,0.0000,0.0000
0,806,0.1623,2013.3135,0.0000,0.0000
0,807,0.1625,2013.3133,0.0000,0.0000
0,808,0.1627,2013.3132,0.0000,0.0000
0,809,0.1629,2013.3130,0.0000,0.0000
0,810,0.1631,2013.3128,0.0000,0.0000
0,811,0.1633,2013.3127,0.0000,0.0000
0,812,0.1635,2013.3125,0.0000,0.0000
0,813,0.1637,2013.3123,0.0000,0.0000
0,814,0.1639,2013.3122,0.0000,0.0000
0,815,0.1641,2013.3120,0.0000,0.0000
0,816,0.1643,2013.3118,0.0000,0.0000
0,817,0.1645,2013.3116,0.0000,0.0000
0,818,0.1647,2013.3114,0.0000,0.0000
0,819,0.1649,2013.3113,0.0000,0.0000
0,820,0.1651,2013.3111,0.0000,0.0000
0,821,0.1653,2013.3109,0.0000,0.0000
0,822,0.1655,2013.3107,0.0000,0.0000
0,823,0.1657,2013.3105,0.0000,0.0000
0,824,0.1659,2013.3103,0.0000,0.0000
0,825,0.1661,2013.3101,0.0000,0.0000
0,826,0.1663,2013.3099,0.0000,0.0000
0,827,0.1665,2013.3097,0.0000,0.0000
0,828,0.1667,2013.3095,0.0000,0.0000
0,829,0.1669,2013.3093,0.0000,0.0000
0,830,0.1671,2013.3091,0.0000,0.0000
0,831,0.1673,2013.3089,0.0000,0.0000
0,832,0.1675,2013.3087,0.0000,0.0000
0,833,0.1677,2013.3085,0.0000,0.0000
0,834,0.1679,2013.3083,0.0000,0.0000
0,835,0.1681,2013.3081,0.0000,0.0000
0,836,0.1683,2013.3079,0.0000,0.0000
0,837,0.1685,2013.3077,0.0000,0.0000
0,838,0.1687,2013.3075,0.0000,0.0000
0,839,0.1689,2013.3073,0.0000,0.0000
0,840,0.1691,2013.3070,0.0000,0.0000
0,841,0.1693,2013.3068,0.0000,0.0000
0,842,0.1695,2013.3066,0.0000,0.0000
0,843,0.1697,2013.3064,0.0000,0.0000
0,844,0.1699,2013.3062,0.0000,0.0000
0,845,0.1701,2013.3059,0.0000,0.0000
0,846,0.1703,2013.3057,0.0000,0.0000
0,847,0.1705,2013.3055,0.0000,0.0000
0,848,0.1707,2013.3053,0.0000,0.0000
0,849,0.1709,2013.3050,0.0000,0.0000
0,850,0.1711,2013.3048,0.0000,0.0000
0,851,0.1713,2013.3045,0.0000,0.0000
0,852,0.1715,2013.3043,0.0000,0.0000
0,853,0.1717,2013.3041,0.0000,0.0000
0,854,0.1719,2013.3038,0.0000,0.0000
0,855,0.1721,2013.3036,0.0000,0.0000
0,856,0.1723,2013.3033,0.0000,0.0000
0,857,0.1725,2013.3031,0.0000,0.0000
0,858,0.1727,2013.3028,0.0000,0.0000
0,859,0.1729,2013.3026,0.0000,0.0000
0,860,0.1731,2013.3023,0.0000,0.0000
0,861,0.1733,2013.3021,0.0000,0.0000
0,862,0.1735,2013.3018,0.0000,0.0000
0,863,0.1738,2013.3015,0.0000,0.0000
0,864,0.1740,2013.3013,0.0000,0.0000
0,865,0.1742,2013.3010,0.0000,0.0000
0,866,0.1744,2013.3008,0.0000,0.0000
0,867,0.1746,2013.3005,0.0000,0.0000
0,868,0.1748,2013.3002,0.0000,0.0000
0,869,0.1750,2013.2999,0.0000,0.0000
0,870,0.1752,2013.2997,0.0000,0.0000
0,871,0.1754,2013.2994,0.0000,0.0000
0,872,0.1756,2013.2991,0.0000,0.0000
0,873,0.1758,2013.2988,0.0000,0.0000
0,874,0.1760,2013.2985,0.0000,0.0000
0,875,0.1762,2013.2982,0.0000,0.0000
0,876,0.1764,2013.2980,0.0000,0.0000
0,877,0.1766,2013.2977,0.0000,0.0000
0,878,0.1768,2013.2974,0.0000,0.0000
0,879,0.1770,2013.2971,0.0000,0.0000
0,880,0.1772,2013.2968,0.0000,0.0000
0,881,0.1774,2013.2965,0.0000,0.0000
0,882,0.1776,2013.2962,0.0000,0.0000
0,883,0.1778,2013.2959,0.0000,0.0000
0,884,0.1780,2013.2955,0.0000,0.0000
0,885,0.1782,2013.2952,0.0000,0.0000
0,886,0.1784,2013.2949,0.0000,0.0000
0,887,0.1786,2013.2946,0.0000,0.0000
0,888,0.1788,2013.2943,0.0000,0.0000
0,889,0.1790,2013.2940,0.0000,0.0000
0,890,0.1792,2013.2936,0.0000,0.0000
0,891,0.1794,2013.2933,0.0000,0.0000
0,892,0.1796,2013.2930,0.0000,0.0000
0,893,0.1798,2013.2926,0.0000,0.0000
0,894,0.1800,2013.2923,0.0000,0.0000
0,895,0.1802,2013.2920,0.0000,0.0000
0,896,0.1804,2013.2916,0.0000,0.0000
0,897,0.1806,2013.2913,0.0000,0.0000
0,898,0.1808,2013.2909,0.0000,0.0000
0,899,0.1810,2013.2906,0.0000,0.0000
0,900,0.1812,2013.2902,0.0000,0.0000
0,901,0.1814,2013.2899,0.0000,0.0000
0,902,0.1816,2013.2895,0.0000,0.0000
0,903,0.1818,2013.2891,0.0000,0.0000
0,904,0.1820,2013.2888,0.0000,0.0000
0,905,0.1822,2013.2884,0.0000,0.0000
0,906,0.1824,2013.2880,0.0000,0.0000
0,907,0.1826,2013.2877,0.0000,0.0000
0,908,0.1828,2013.2873,0.0000,0.0000
0,909,0.1830,2013.2869,0.0000,0.0000
0,910,0.1832,2013.2865,0.0000,0.0000
0,911,0.1834,2013.2861,0.0000,0.0000
0,912,0.1836,2013.2858,0.0000,0.0000
0,913,0.1838,2013.2854,0.0000,0.0000
0,914,0.1840,2013.2850,0.0000,0.0000
0,915,0.1842,2013.2846,0.0000,0.0000
0,916,0.1844,2013.2842,0.0000,0.0000
0,917,0.1846,2013.2838,0.0000,0.0000
0,918,0.1848,2013.2834,0.0000,0.0000
0,919,0.1850,2013.2829,0.0000,0.0000
0,920,0.1852,2013.2825,0.0000,0.0000
0,921,0.1854,2013.2821,0.0000,0.0000
0,922,0.1856,2013.2817,0.0000,0.0000
0,923,0.1858,2013.2813,0.0000,0.0000
0,924,0.1860,2013.2808,0.0000,0.0000
0,925,0.1862,2013.2804,0.0000,0.0000
0,926,0.1864,2013.2800,0.0000,0.0000
0,927,0.1866,2013.2795,0.0000,0.0000
0,928,0.1868,2013.2791,0.0000,0.0000
0,929,0.1870,2013.2786,0.0000,0.0000
0,930,0.1872,2013.2782,0.0000,0.0000
0,931,0.1874,2013.2777,0.0000,0.0000
0,932,0.1876,2013.2773,0.0000,0.0000
0,933,0.1878,2013.2768,0.0000,0.0000
0,934,0.1880,2013.2763,0.0000,0.0000
0,935,0.1882,2013.2759,0.0000,0.0000
0,936,0.1884,2013.2754,0.0000,0.0000
0,937,0.1886,2013.2749,0.0000,0.0000
0,938,0.1888,2013.2744,0.0000,0.0000
0,939,0.1891,2013.2739,0.0000,0.0000
0,940,0.1893,2013.2735,0.0000,0.0000
0,941,0.1895,2013.2730,0.0000,0.0000
0,942,0.1897,2013.2725,0.0000,0.0000
0,943,0.1899,2013.2720,0.0000,0.0000
0,944,0.1901,2013.2715,0.0000,0.0000
0,945,0.1903,2013.2709,0.0000,0.0000
0,946,0.1905,2013.2704,0.0000,0.0000
0,947,0.1907,2013.2699,0.0000,0.0000
0,948,0.1909,2013.2694,0.0000,0.0000
0,949,0.1911,2013.2689,0.0000,0.0000
0,950,0.1913,2013.2683,0.0000,0.0000
0,951,0.1915,2013.2678,0.0000,0.0000
0,952,0.1917,2013.2673,0.0000,0.0000
0,953,0.1919,2013.2667,0.0000,0.0000
0,954,0.1921,2013.2662,0.0000,0.0000
0,955,0.1923,2013.2656,0.0000,0.0000
0,956,0.1925,2013.2651,0.0000,0.0000
0,957,0.1927,2013.2645,0.0000,0.0000
0,958,0.1929,2013.2639,0.0000,0.0000
0,959,0.1931,2013.2634,0.0000,0.0000
0,960,0.1933,2013.2628,0.0000,0.0000
0,961,0.1935,2013.2622,0.0000,0.0000
0,962,0.1937,2013.2616,0.0000,0.0000
0,963,0.1939,2013.2610,0.0000,0.0000
0,964,0.1941,2013.2604,0.0000,0.0000
0,965,0.1943,2013.2598,0.0000,0.0000
0,966,0.1945,2013.2592,0.0000,0.0000
0,967,0.1947,2013.2586,0.0000,0.0000
0,968,0.1949,2013.2580,0.0000,0.0000
0,969,0.1951,2013.2574,0.0000,0.0000
0,970,0.1953,2013.2567,0.0000,0.0000
0,971,0.1955,2013.2561,0.0000,0.0000
0,972,0.1957,2013.2555,0.0000,0.0000
0,973,0.1959,2013.2548,0.0000,0.0000
0,974,0.1961,2013.2542,0.0000,0.0000
0,975,0.1963,2013.2535,0.0000,0.0000
0,976,0.1965,2013.2529,0.0000,0.0000
0,977,0.1967,2013.2522,0.0000,0.0000
0,978,0.1969,2013.2515,0.0000,0.0000
0,979,0.1971,2013.2509,0.0000,0.0000
0,980,0.1973,2013.2502,0.0000,0.0000
0,981,0.1975,2013.2495,0.0000,0.0000
0,982,0.1977,2013.2488,0.0000,0.0000
0,983,0.1979,2013.2481,0.0000,0.0000
0,984,0.1981,2013.2474,0.0000,0.0000
0,985,0.1983,2013.2467,0.0000,0.0000
0,986,0.1985,2013.2460,0.0000,0.0000
0,987,0.1987,2013.2453,0.0000,0.0000
0,988,0.1989,2013.2445,0.0000,0.0000
0,989,0.1991,2013.2438,0.0000,0.0000
0,990,0.1993,2013.2431,0.0000,0.0000
0,991,0.1995,2013.2423,0.0000,0.0000
0,992,0.1997,2013.2416,0.0000,0.0000
0,993,0.1999,2013.2408,0.0000,0.0000
0,994,0.2001,2013.2400,0.0000,0.0000
0,995,0.2003,2013.2393,0.0000,0.0000
0,996,0.2005,2013.2385,0.0000,0.0000
0,997,0.2007,2013.2377,0.0000,0.0000
0,998,0.2009,2013.2369,0.0000,0.0000
0,999,0.2011,2013.2361,0.0000,0.0000
0,1000,0.2013,2013.2353,0.0000,0.0000
0,1001,0.2015,2013.2345,0.0000,0.0000
0,1002,0.2017,2013.2337,0.0000,0.0000
0,1003,0.2019,2013.2329,0.0000,0.0000
0,1004,0.2021,2013.2320,0.0000,0.0000
0,1005,0.2023,2013.2312,0.0000,0.0000
0,1006,0.2025,2013.2304,0.0000,0.0000
0,1007,0.2027,2013.2295,0.0000,0.0000
0,1008,0.2029,2013.2286,0.0000,0.0000
0,1009,0.2031,2013.2278,0.0000,0.0000
0,1010,0.2033,2013.2269,0.0000,0.0000
0,1011,0.2035,2013.2260,0.0000,0.0000
0,1012,0.2037,2013.2251,0.0000,0.0000
0,1013,0.2039,2013.2242,0.0000,0.0000
0,1014,0.2042,2013.2233,0.0000,0.0000
0,1015,0.2044,2013.2224,0.0000,0.0000
0,1016,0.2046,2013.2215,0.0000,0.0000
0,1017,0.2048,2013.2206,0.0000,0.0000
0,1018,0.2050,2013.2197,0.0000,0.0000
0,1019,0.2052,2013.2187,0.0000,0.0000
0,1020,0.2054,2013.2178,0.0000,0.0000
0,1021,0.2056,2013.2168,0.0000,0.0000
0,1022,0.2058,2013.2158,0.0000,0.0000
0,1023,0.2060,2013.2149,0.0000,0.0000
0,1024,0.2062,2013.2139,0.0000,0.0000
0,1025,0.2064,2013.2129,0.0000,0.0000
0,1026,0.2066,2013.2119,0.0000,0.0000
0,1027,0.2068,2013.2109,0.0000,0.0000
0,1028,0.2070,2013.2099,0.0000,0.0000
0,1029,0.2072,2013.2089,0.0000,0.0000
0,1030,0.2074,2013.2078,0.0000,0.0000
0,1031,0.2076,2013.2068,0.0000,0.0000
0,1032,0.2078,2013.2057,0.0000,0.0000
0,1033,0.2080,2013.2047,0.0000,0.0000
0,1034,0.2082,2013.2036,0.0000,0.0000
0,1035,0.2084,2013.2025,0.0000,0.0000
0,1036,0.2086,2013.2014,0.0000,0.0000
0,1037,0.2088,2013.2004,0.0000,0.0000
0,1038,0.2090,2013.1992,0.0000,0.0000
0,1039,0.2092,2013.1981,0.0000,0.0000
0,1040,0.2094,2013.1970,0.0000,0.0000
0,1041,0.2096,2013.1959,0.0000,0.0000
0,1042,0.2098,2013.1947,0.0000,0.0000
0,1043,0.2100,2013.1936,0.0000,0.0000
0,1044,0.2102,2013.1924,0.0000,0.0000
0,1045,0.2104,2013.1913,0.0000,0.0000
0,1046,0.2106,2013.1901,0.0000,0.0000
0,1047,0.2108,2013.1889,0.0000,0.0000
0,1048,0.2110,2013.1877,0.0000,0.0000
0,1049,0.2112,2013.1865,0.0000,0.0000
0,1050,0.2114,2013.1853,0.0000,0.0000
0,1051,0.2116,2013.1840,0.0000,0.0000
0,1052,0.2118,2013.1828,0.0000,0.0000
0,1053,0.2120,2013.1815,0.0000,0.0000
0,1054,0.2122,2013.1803,0.0000,0.0000
0,1055,0.2124,2013.1790,0.0000,0.0000
0,1056,0.2126,2013.1777,0.0000,0.0000
0,1057,0.2128,2013.1764,0.0000,0.0000
0,1058,0.2130,2013.1751,0.0000,0.0000
0,1059,0.2132,2013.1738,0.0000,0.0000
0,1060,0.2134,2013.1724,0.0000,0.0000
0,1061,0.2136,2013.1711,0.0000,0.0000
0,1062,0.2138,2013.1698,0.0000,0.0000
0,1063,0.2140,2013.1684,0.0000,0.0000
0,1064,0.2142,2013.1670,0.0000,0.0000
0,1065,0.2144,2013.1656,0.0000,0.0000
0,1066,0.2146,2013.1642,0.0000,0.0000
0,1067,0.2148,2013.1628,0.0000,0.0000
0,1068,0.2150,2013.1614,0.0000,0.0000
0,1069,0.2152,2013.1600,0.0000,0.0000
0,1070,0.2154,2013.1585,0.0000,0.0000
0,1071,0.2156,2013.1570,0.0000,0.0000
0,1072,0.2158,2013.1556,0.0000,0.0000
0,1073,0.2160,2013.1541,0.0000,0.0000
0,1074,0.2162,2013.1526,0.0000,0.0000
0,1075,0.2164,2013.1511,0.0000,0.0000
0,1076,0.2166,2013.1495,0.0000,0.0000
0,1077,0.2168,2013.1480,0.0000,0.0000
0,1078,0.2170,2013.1465,0.0000,0.0000
0,1079,0.2172,2013.1449,0.0000,0.0000
0,1080,0.2174,2013.1433,0.0000,0.0000
0,1081,0.2176,2013.1417,0.0000,0.0000
0,1082,0.2178,2013.1401,0.0000,0.0000
0,1083,0.2180,2013.1385,0.0000,0.0000
0,1084,0.2182,2013.1369,0.0000,0.0000
0,1085,0.2184,2013.1352,0.0000,0.0000
0,1086,0.2186,2013.1335,0.0000,0.0000
0,1087,0.2188,2013.1319,0.0000,0.0000
0,1088,0.2190,2013.1302,0.0000,0.0000
0,1089,0.2192,2013.1285,0.0000,0.0000
0,1090,0.2195,2013.1268,0.0000,0.0000
0,1091,0.2197,2013.1250,0.0000,0.0000
0,1092,0.2199,2013.1233,0.0000,0.0000
0,1093,0.2201,2013.1215,0.0000,0.0000
0,1094,0.2203,2013.1197,0.0000,0.0000
0,1095,0.2205,2013.1179,0.0000,0.0000
0,1096,0.2207,2013.1161,0.0000,0.0000
0,1097,0.2209,2013.1143,0.0000,0.0000
0,1098,0.2211,2013.1124,0.0000,0.0000
0,1099,0.2213,2013.1106,0.0000,0.0000
0,1100,0.2215,2013.1087,0.0000,0.0000
0,1101,0.2217,2013.1068,0.0000,0.0000
0,1102,0.2219,2013.1049,0.0000,0.0000
0,1103,0.2221,2013.1030,0.0000,0.0000
0,1104,0.2223,2013.1010,0.0000,0.0000
0,1105,0.2225,2013.0990,0.0000,0.0000
0,1106,0.2227,2013.0971,0.0000,0.0000
0,1107,0.2229,2013.0951,0.0000,0.0000
0,1108,0.2231,2013.0931,0.0000,0.0000
0,1109,0.2233,2013.0910,0.0000,0.0000
0,1110,0.2235,2013.0890,0.0000,0.0000
0,1111,0.2237,2013.0869,0.0000,0.0000
0,1112,0.2239,2013.0848,0.0000,0.0000
0,1113,0.2241,2013.0827,0.0000,0.0000
0,1114,0.2243,2013.0806,0.0000,0.0000
0,1115,0.2245,2013.0784,0.0000,0.0000
0,1116,0.2247,2013.0763,0.0000,0.0000
0,1117,0.2249,2013.0741,0.0000,0.0000
0,1118,0.2251,2013.0719,0.0000,0.0000
0,1119,0.2253,2013.0697,0.0000,0.0000
0,1120,0.2255,2013.0674,0.0000,0.0000
0,1121,0.2257,2013.0652,0.0000,0.0000
0,1122,0.2259,2013.0629,0.0000,0.0000
0,1123,0.2261,2013.0606,0.0000,0.0000
0,1124,0.2263,2013.0583,0.0000,0.0000
0,1125,0.2265,2013.0559,0.0000,0.0000
0,1126,0.2267,2013.0536,0.0000,0.0000
0,1127,0.2269,2013.0512,0.0000,0.0000
0,1128,0.2271,2013.0488,0.0000,0.0000
0,1129,0.2273,2013.0464,0.0000,0.0000
0,1130,0.2275,2013.0439,0.0000,0.0000
0,1131,0.2277,2013.0414,0.0000,0.0000
0,1132,0.2279,2013.0389,0.0000,0.0000
0,1133,0.2281,2013.0364,0.0000,0.0000
0,1134,0.2283,2013.0339,0.0000,0.0000
0,1135,0.2285,2013.0313,0.0000,0.0000
0,1136,0.2287,2013.0287,0.0000,0.0000
0,1137,0.2289,2013.0261,0.0000,0.0000
0,1138,0.2291,2013.0235,0.0000,0.0000
0,1139,0.2293,2013.0208,0.0000,0.0000
0,1140,0.2295,2013.0182,0.0000,0.0000
0,1141,0.2297,2013.0154,0.0000,0.0000
0,1142,0.2299,2013.0127,0.0000,0.0000
0,1143,0.2301,2013.0100,0.0000,0.0000
0,1144,0.2303,2013.0072,0.0000,0.0000
0,1145,0.2305,2013.0044,0.0000,0.0000
0,1146,0.2307,2013.0015,0.0000,0.0000
0,1147,0.2309,2012.9987,0.0000,0.0000
0,1148,0.2311,2012.9958,0.0000,0.0000
0,1149,0.2313,2012.9929,0.0000,0.0000
0,1150,0.2315,2012.9900,0.0000,0.0000
0,1151,0.2317,2012.9870,0.0000,0.0000
0,1152,0.2319,2012.9840,0.0000,0.0000
0,1153,0.2321,2012.9810,0.0000,0.0000
0,1154,0.2323,2012.9779,0.0000,0.0000
0,1155,0.2325,2012.9749,0.0000,0.0000
0,1156,0.2327,2012.9718,0.0000,0.0000
0,1157,0.2329,2012.9686,0.0000,0.0000
0,1158,0.2331,2012.9655,0.0000,0.0000
0,1159,0.2333,2012.9623,0.0000,0.0000
0,1160,0.2335,2012.9590,0.0000,0.0000
0,1161,0.2337,2012.9558,0.0000,0.0000
0,1162,0.2339,2012.9525,0.0000,0.0000
0,1163,0.2341,2012.9492,0.0000,0.0000
0,1164,0.2343,2012.9459,0.0000,0.0000
0,1165,0.2345,2012.9425,0.0000,0.0000
0,1166,0.2348,2012.9391,0.0000,0.0000
0,1167,0.2350,2012.9356,0.0000,0.0000
0,1168,0.2352,2012.9322,0.0000,0.0000
0,1169,0.2354,2012.9287,0.0000,0.0000
0,1170,0.2356,2012.9251,0.0000,0.0000
0,1171,0.2358,2012.9216,0.0000,0.0000
0,1172,0.2360,2012.9179,0.0000,0.0000
0,1173,0.2362,2012.9143,0.0000,0.0000
0,1174,0.2364,2012.9106,0.0000,0.0000
0,1175,0.2366,2012.9069,0.0000,0.0000
0,1176,0.2368,2012.9032,0.0000,0.0000
0,1177,0.2370,2012.8994,0.0000,0.0000
0,1178,0.2372,2012.8956,0.0000,0.0000
0,1179,0.2374,2012.8917,0.0000,0.0000
0,1180,0.2376,2012.8879,0.0000,0.0000
0,1181,0.2378,2012.8839,0.0000,0.0000
0,1182,0.2380,2012.8800,0.0000,0.0000
0,1183,0.2382,2012.8760,0.0000,0.0000
0,1184,0.2384,2012.8719,0.0000,0.0000
0,1185,0.2386,2012.8678,0.0000,0.0000
0,1186,0.2388,2012.8637,0.0000,0.0000
0,1187,0.2390,2012.8596,0.0000,0.0000
0,1188,0.2392,2012.8554,0.0000,0.0000
0,1189,0.2394,2012.8511,0.0000,0.0000
0,1190,0.2396,2012.8468,0.0000,0.0000
0,1191,0.2398,2012.8425,0.0000,0.0000
0,1192,0.2400,2012.8382,0.0000,0.0000
0,1193,0.2402,2012.8338,0.0000,0.0000
0,1194,0.2404,2012.8293,0.0000,0.0000
0,1195,0.2406,2012.8248,0.0000,0.0000
0,1196,0.2408,2012.8203,0.0000,0.0000
0,1197,0.2410,2012.8157,0.0000,0.0000
0,1198,0.2412,2012.8111,0.0000,0.0000
0,1199,0.2414,2012.8064,0.0000,0.0000
0,1200,0.2416,2012.8017,0.0000,0.0000
0,1201,0.2418,2012.7969,0.0000,0.0000
0,1202,0.2420,2012.7921,0.0000,0.0000
0,1203,0.2422,2012.7872,0.0000,0.0000
0,1204,0.2424,2012.7823,0.0000,0.0000
0,1205,0.2426,2012.7774,0.0000,0.0000
0,1206,0.2428,2012.7724,0.0000,0.0000
0,1207,0.2430,2012.7673,0.0000,0.0000
0,1208,0.2432,2012.7622,0.0000,0.0000
0,1209,0.2434,2012.7570,0.0000,0.0000
0,1210,0.2436,2012.7518,0.0000,0.0000
0,1211,0.2438,2012.7465,0.0000,0.0000
0,1212,0.2440,2012.7412,0.0000,0.0000
0,1213,0.2442,2012.7359,0.0000,0.0000
0,1214,0.2444,2012.7304,0.0000,0.0000
0,1215,0.2446,2012.7250,0.0000,0.0000
0,1216,0.2448,2012.7194,0.0000,0.0000
0,1217,0.2450,2012.7138,0.0000,0.0000
0,1218,0.2452,2012.7082,0.0000,0.0000
0,1219,0.2454,2012.7025,0.0000,0.0000
0,1220,0.2456,2012.6967,0.0000,0.0000
0,1221,0.2458,2012.6909,0.0000,0.0000
0,1222,0.2460,2012.6850,0.0000,0.0000
0,1223,0.2462,2012.6791,0.0000,0.0000
0,1224,0.2464,2012.6731,0.0000,0.0000
0,1225,0.2466,2012.6670,0.0000,0.0000
0,1226,0.2468,2012.6609,0.0000,0.0000
0,1227,0.2470,2012.6547,0.0000,0.0000
0,1228,0.2472,2012.6484,0.0000,0.0000
0,1229,0.2474,2012.6421,0.0000,0.0000
0,1230,0.2476,2012.6357,0.0000,0.0000
0,1231,0.2478,2012.6292,0.0000,0.0000
0,1232,0.2480,2012.6227,0.0000,0.0000
0,1233,0.2482,2012.6161,0.0000,0.0000
0,1234,0.2484,2012.6095,0.0000,0.0000
0,1235,0.2486,2012.6027,0.0000,0.0000
0,1236,0.2488,2012.5959,0.0000,0.0000
0,1237,0.2490,2012.5890,0.0000,0.0000
0,1238,0.2492,2012.5821,0.0000,0.0000
0,1239,0.2494,2012.5751,0.0000,0.0000
0,1240,0.2496,2012.5680,0.0000,0.0000
0,1241,0.2498,2012.5608,0.0000,0.0000
0,1242,0.2500,2012.5536,0.0000,0.0000
0,1243,0.2502,2012.5462,0.0000,0.0000
0,1244,0.2504,2012.5388,0.0000,0.0000
0,1245,0.2507,2012.5314,0.0000,0.0000
0,1246,0.2509,2012.5238,0.0000,0.0000
0,1247,0.2511,2012.5161,0.0000,0.0000
0,1248,0.2513,2012.5084,0.0000,0.0000
0,1249,0.2515,2012.5006,0.0000,0.0000
0,1250,0.2517,2012.4927,0.0000,0.0000
0,1251,0.2519,2012.4847,0.0000,0.0000
0,1252,0.2521,2012.4767,0.0000,0.0000
0,1253,0.2523,2012.4685,0.0000,0.0000
0,1254,0.2525,2012.4603,0.0000,0.0000
0,1255,0.2527,2012.4519,0.0000,0.0000
0,1256,0.2529,2012.4435,0.0000,0.0000
0,1257,0.2531,2012.4350,0.0000,0.0000
0,1258,0.2533,2012.4263,0.0000,0.0000
0,1259,0.2535,2012.4176,0.0000,0.0000
0,1260,0.2537,2012.4088,0.0000,0.0000
0,1261,0.2539,2012.3999,0.0000,0.0000
0,1262,0.2541,2012.3909,0.0000,0.0000
0,1263,0.2543,2012.3818,0.0000,0.0000
0,1264,0.2545,2012.3726,0.0000,0.0000
0,1265,0.2547,2012.3633,0.0000,0.0000
0,1266,0.2549,2012.3539,0.0000,0.0000
0,1267,0.2551,2012.3444,0.0000,0.0000
0,1268,0.2553,2012.3347,0.0000,0.0000
0,1269,0.2555,2012.3250,0.0000,0.0000
0,1270,0.2557,2012.3151,0.0000,0.0000
0,1271,0.2559,2012.3052,0.0000,0.0000
0,1272,0.2561,2012.2951,0.0000,0.0000
0,1273,0.2563,2012.2849,0.0000,0.0000
0,1274,0.2565,2012.2746,0.0000,0.0000
0,1275,0.2567,2012.2642,0.0000,0.0000
0,1276,0.2569,2012.2537,0.0000,0.0000
0,1277,0.2571,2012.2430,0.0000,0.0000
0,1278,0.2573,2012.2322,0.0000,0.0000
0,1279,0.2575,2012.2213,0.0000,0.0000
0,1280,0.2577,2012.2103,0.0000,0.0000
0,1281,0.2579,2012.1991,0.0000,0.0000
0,1282,0.2581,2012.1878,0.0000,0.0000
0,1283,0.2583,2012.1764,0.0000,0.0000
0,1284,0.2585,2012.1648,0.0000,0.0000
0,1285,0.2587,2012.1531,0.0000,0.0000
0,1286,0.2589,2012.1413,0.0000,0.0000
0,1287,0.2591,2012.1293,0.0000,0.0000
0,1288,0.2593,2012.1172,0.0000,0.0000
0,1289,0.2595,2012.1049,0.0000,0.0000
0,1290,0.2597,2012.0925,0.0000,0.0000
0,1291,0.2599,2012.0800,0.0000,0.0000
0,1292,0.2601,2012.0673,0.0000,0.0000
0,1293,0.2603,2012.0544,0.0000,0.0000
0,1294,0.2605,2012.0414,0.0000,0.0000
0,1295,0.2607,2012.0283,0.0000,0.0000
0,1296,0.2609,2012.0149,0.0000,0.0000
0,1297,0.2611,2012.0014,0.0000,0.0000
0,1298,0.2613,2011.9878,0.0000,0.0000
0,1299,0.2615,2011.9740,0.0000,0.0000
0,1300,0.2617,2011.9600,0.0000,0.0000
0,1301,0.2619,2011.9459,0.0000,0.0000
0,1302,0.2621,2011.9316,0.0000,0.0000
0,1303,0.2623,2011.9171,0.0000,0.0000
0,1304,0.2625,2011.9024,0.0000,0.0000
0,1305,0.2627,2011.8875,0.0000,0.0000
0,1306,0.2629,2011.8725,0.0000,0.0000
0,1307,0.2631,2011.8572,0.0000,0.0000
0,1308,0.2633,2011.8418,0.0000,0.0000
0,1309,0.2635,2011.8262,0.0000,0.0000
0,1310,0.2637,2011.8104,0.0000,0.0000
0,1311,0.2639,2011.7944,0.0000,0.0000
0,1312,0.2641,2011.7782,0.0000,0.0000
0,1313,0.2643,2011.7618,0.0000,0.0000
0,1314,0.2645,2011.7452,0.0000,0.0000
0,1315,0.2647,2011.7284,0.0000,0.0000
0,1316,0.2649,2011.7113,0.0000,0.0000
0,1317,0.2651,2011.6941,0.0000,0.0000
0,1318,0.2653,2011.6766,0.0000,0.0000
0,1319,0.2655,2011.6590,0.0000,0.0000
0,1320,0.2657,2011.6411,0.0000,0.0000
0,1321,0.2659,2011.6229,0.0000,0.0000
0,1322,0.2661,2011.6045,0.0000,0.0000
0,1323,0.2663,2011.5859,0.0000,0.0000
0,1324,0.2665,2011.5671,0.0000,0.0000
0,1325,0.2667,2011.5479,0.0000,0.0000
0,1326,0.2669,2011.5286,0.0000,0.0000
0,1327,0.2672,2011.5090,0.0000,0.0000
0,1328,0.2674,2011.4891,0.0000,0.0000
0,1329,0.2676,2011.4691,0.0000,0.0000
0,1330,0.2678,2011.4487,0.0000,0.0000
0,1331,0.2680,2011.4281,0.0000,0.0000
0,1332,0.2682,2011.4072,0.0000,0.0000
0,1333,0.2684,2011.3860,0.0000,0.0000
0,1334,0.2686,2011.3645,0.0000,0.0000
0,1335,0.2688,2011.3427,0.0000,0.0000
0,1336,0.2690,2011.3207,0.0000,0.0000
0,1337,0.2692,2011.2983,0.0000,0.0000
0,1338,0.2694,2011.2757,0.0000,0.0000
0,1339,0.2696,2011.2528,0.0000,0.0000
0,1340,0.2698,2011.2296,0.0000,0.0000
0,1341,0.2700,2011.2060,0.0000,0.0000
0,1342,0.2702,2011.1821,0.0000,0.0000
0,1343,0.2704,2011.1579,0.0000,0.0000
0,1344,0.2706,2011.1334,0.0000,0.0000
0,1345,0.2708,2011.1085,0.0000,0.0000
0,1346,0.2710,2011.0833,0.0000,0.0000
0,1347,0.2712,2011.0577,0.0000,0.0000
0,1348,0.2714,2011.0319,0.0000,0.0000
0,1349,0.2716,2011.0057,0.0000,0.0000
0,1350,0.2718,2010.9791,0.0000,0.0000
0,1351,0.2720,2010.9521,0.0000,0.0000
0,1352,0.2722,2010.9247,0.0000,0.0000
0,1353,0.2724,2010.8970,0.0000,0.0000
0,1354,0.2726,2010.8688,0.0000,0.0000
0,1355,0.2728,2010.8403,0.0000,0.0000
0,1356,0.2730,2010.8114,0.0000,0.0000
0,1357,0.2732,2010.7821,0.0000,0.0000
0,1358,0.2734,2010.7524,0.0000,0.0000
0,1359,0.2736,2010.7223,0.0000,0.0000
0,1360,0.2738,2010.6918,0.0000,0.0000
0,1361,0.2740,2010.6608,0.0000,0.0000
0,1362,0.2742,2010.6294,0.0000,0.0000
0,1363,0.2744,2010.5975,0.0000,0.0000
0,1364,0.2746,2010.5651,0.0000,0.0000
0,1365,0.2748,2010.5323,0.0000,0.0000
0,1366,0.2750,2010.4990,0.0000,0.0000
0,1367,0.2752,2010.4653,0.0000,0.0000
0,1368,0.2754,2010.4311,0.0000,0.0000
0,1369,0.2756,2010.3965,0.0000,0.0000
0,1370,0.2758,2010.3613,0.0000,0.0000
0,1371,0.2760,2010.3255,0.0000,0.0000
0,1372,0.2762,2010.2893,0.0000,0.0000
0,1373,0.2764,2010.2525,0.0000,0.0000
0,1374,0.2766,2010.2151,0.0000,0.0000
0,1375,0.2768,2010.1773,0.0000,0.0000
0,1376,0.2770,2010.1389,0.0000,0.0000
0,1377,0.2772,2010.0999,0.0000,0.0000
0,1378,0.2774,2010.0604,0.0000,0.0000
0,1379,0.2776,2010.0204,0.0000,0.0000
0,1380,0.2778,2009.9797,0.0000,0.0000
0,1381,0.2780,2009.9383,0.0000,0.0000
0,1382,0.2782,2009.8964,0.0000,0.0000
0,1383,0.2784,2009.8538,0.0000,0.0000
0,1384,0.2786,2009.8106,0.0000,0.0000
0,1385,0.2788,2009.7667,0.0000,0.0000
0,1386,0.2790,2009.7222,0.0000,0.0000
0,1387,0.2792,2009.6771,0.0000,0.0000
0,1388,0.2794,2009.6314,0.0000,0.0000
0,1389,0.2796,2009.5849,0.0000,0.0000
0,1390,0.2798,2009.5377,0.0000,0.0000
0,1391,0.2800,2009.4897,0.0000,0.0000
0,1392,0.2802,2009.4410,0.0000,0.0000
0,1393,0.2804,2009.3916,0.0000,0.0000
0,1394,0.2806,2009.3414,0.0000,0.0000
0,1395,0.2808,2009.2904,0.0000,0.0000
0,1396,0.2810,2009.2388,0.0000,0.0000
0,1397,0.2812,2009.1864,0.0000,0.0000
0,1398,0.2814,2009.1331,0.0000,0.0000
0,1399,0.2816,2009.0791,0.0000,0.0000
0,1400,0.2818,2009.0241,0.0000,0.0000
0,1401,0.2820,2008.9683,0.0000,0.0000
0,1402,0.2822,2008.9116,0.0000,0.0000
0,1403,0.2824,2008.8540,0.0000,0.0000
0,1404,0.2826,2008.7955,0.0000,0.0000
0,1405,0.2828,2008.7362,0.0000,0.0000
0,1406,0.2830,2008.6760,0.0000,0.0000
0,1407,0.2832,2008.6149,0.0000,0.0000
0,1408,0.2834,2008.5528,0.0000,0.0000
0,1409,0.2836,2008.4897,0.0000,0.0000
0,1410,0.2838,2008.4256,0.0000,0.0000
0,1411,0.2840,2008.3604,0.0000,0.0000
0,1412,0.2842,2008.2942,0.0000,0.0000
0,1413,0.2844,2008.2270,0.0000,0.0000
0,1414,0.2846,2008.1587,0.0000,0.0000
0,1415,0.2848,2008.0894,0.0000,0.0000
0,1416,0.2850,2008.0190,0.0000,0.0000
0,1417,0.2852,2007.9476,0.0000,0.0000
0,1418,0.2854,2007.8750,0.0000,0.0000
0,1419,0.2856,2007.8012,0.0000,0.0000
0,1420,0.2858,2007.7261,0.0000,0.0000
0,1421,0.2860,2007.6499,0.0000,0.0000
0,1422,0.2862,2007.5724,0.0000,0.0000
0,1423,0.2864,2007.4937,0.0000,0.0000
0,1424,0.2866,2007.4137,0.0000,0.0000
0,1425,0.2868,2007.3325,0.0000,0.0000
0,1426,0.2870,2007.2501,0.0000,0.0000
0,1427,0.2872,2007.1664,0.0000,0.0000
0,1428,0.2874,2007.0813,0.0000,0.0000
0,1429,0.2876,2006.9948,0.0000,0.0000
0,1430,0.2879,2006.9067,0.0000,0.0000
0,1431,0.2881,2006.8173,0.0000,0.0000
0,1432,0.2883,2006.7264,0.0000,0.0000
0,1433,0.2885,2006.6340,0.0000,0.0000
0,1434,0.2887,2006.5402,0.0000,0.0000
0,1435,0.2889,2006.4450,0.0000,0.0000
0,1436,0.2891,2006.3483,0.0000,0.0000
0,1437,0.2893,2006.2500,0.0000,0.0000
0,1438,0.2895,2006.1500,0.0000,0.0000
0,1439,0.2897,2006.0483,0.0000,0.0000
0,1440,0.2899,2005.9450,0.0000,0.0000
0,1441,0.2901,2005.8399,0.0000,0.0000
0,1442,0.2903,2005.7330,0.0000,0.0000
0,1443,0.2905,2005.6245,0.0000,0.0000
0,1444,0.2907,2005.5143,0.0000,0.0000
0,1445,0.2909,2005.4024,0.0000,0.0000
0,1446,0.2911,2005.2887,0.0000,0.0000
0,1447,0.2913,2005.1731,0.0000,0.0000
0,1448,0.2915,2005.0556,0.0000,0.0000
0,1449,0.2917,2004.9360,0.0000,0.0000
0,1450,0.2919,2004.8144,0.0000,0.0000
0,1451,0.2921,2004.6908,0.0000,0.0000
0,1452,0.2923,2004.5652,0.0000,0.0000
0,1453,0.2925,2004.4375,0.0000,0.0000
0,1454,0.2927,2004.3079,0.0000,0.0000
0,1455,0.2929,2004.1763,0.0000,0.0000
0,1456,0.2931,2004.0425,0.0000,0.0000
0,1457,0.2933,2003.9065,0.0000,0.0000
0,1458,0.2935,2003.7682,0.0000,0.0000
0,1459,0.2937,2003.6275,0.0000,0.0000
0,1460,0.2939,2003.4844,0.0000,0.0000
0,1461,0.2941,2003.3390,0.0000,0.0000
0,1462,0.2943,2003.1913,0.0000,0.0000
0,1463,0.2945,2003.0412,0.0000,0.0000
0,1464,0.2947,2002.8887,0.0000,0.0000
0,1465,0.2949,2002.7339,0.0000,0.0000
0,1466,0.2951,2002.5766,0.0000,0.0000
0,1467,0.2953,2002.4166,0.0000,0.0000
0,1468,0.2955,2002.2539,0.0000,0.0000
0,1469,0.2957,2002.0884,0.0000,0.0000
0,1470,0.2959,2001.9202,0.0000,0.0000
0,1471,0.2961,2001.7492,0.0000,0.0000
0,1472,0.2963,2001.5755,0.0000,0.0000
0,1473,0.2965,2001.3991,0.0000,0.0000
0,1474,0.2967,2001.2199,0.0000,0.0000
0,1475,0.2969,2001.0380,0.0000,0.0000
0,1476,0.2971,2000.8532,0.0000,0.0000
0,1477,0.2973,2000.6652,0.0000,0.0000
0,1478,0.2975,2000.4740,0.0000,0.0000
0,1479,0.2977,2000.2797,0.0000,0.0000
0,1480,0.2979,2000.0822,0.0000,0.0000
0,1481,0.2981,1999.8816,0.0000,0.0000
0,1482,0.2983,1999.6777,0.0000,0.0000
0,1483,0.2985,1999.4708,0.0000,0.0000
0,1484,0.2987,1999.2606,0.0000,0.0000
0,1485,0.2989,1999.0473,0.0000,0.0000
0,1486,0.2991,1998.8305,0.0000,0.0000
0,1487,0.2993,1998.6100,0.0000,0.0000
0,1488,0.2995,1998.3860,0.0000,0.0000
0,1489,0.2997,1998.1584,0.0000,0.0000
0,1490,0.2999,1997.9271,0.0000,0.0000
0,1491,0.3001,1997.6922,0.0000,0.0000
0,1492,0.3003,1997.4537,0.0000,0.0000
0,1493,0.3005,1997.2115,0.0000,0.0000
0,1494,0.3007,1996.9658,0.0000,0.0000
0,1495,0.3009,1996.7163,0.0000,0.0000
0,1496,0.3011,1996.4628,0.0000,0.0000
0,1497,0.3013,1996.2053,0.0000,0.0000
0,1498,0.3015,1995.9436,0.0000,0.0000
0,1499,0.3017,1995.6779,0.0000,0.0000
0,1500,0.3019,1995.4081,0.0000,0.0000
0,1501,0.3021,1995.1341,0.0000,0.0000
0,1502,0.3023,1994.8561,0.0000,0.0000
0,1503,0.3025,1994.5739,0.0000,0.0000
0,1504,0.3027,1994.2877,0.0000,0.0000
0,1505,0.3029,1993.9972,0.0000,0.0000
0,1506,0.3031,1993.7022,0.0000,0.0000
0,1507,0.3033,1993.4026,0.0000,0.0000
0,1508,0.3035,1993.0984,0.0000,0.0000
0,1509,0.3037,1992.7896,0.0000,0.0000
0,1510,0.3039,1992.4763,0.0000,0.0000
0,1511,0.3041,1992.1583,0.0000,0.0000
0,1512,0.3043,1991.8358,0.0000,0.0000
0,1513,0.3045,1991.5087,0.0000,0.0000
0,1514,0.3047,1991.1769,0.0000,0.0000
0,1515,0.3049,1990.8404,0.0000,0.0000
0,1516,0.3051,1990.4989,0.0000,0.0000
0,1517,0.3053,1990.1523,0.0000,0.0000
0,1518,0.3055,1989.8006,0.0000,0.0000
0,1519,0.3057,1989.4439,0.0000,0.0000
0,1520,0.3059,1989.0820,0.0000,0.0000
0,1521,0.3060,1988.7151,0.0000,0.0000
0,1522,0.3062,1988.3432,0.0000,0.0000
0,1523,0.3064,1987.9661,0.0000,0.0000
0,1524,0.3066,1987.5840,0.0000,0.0000
0,1525,0.3068,1987.1966,0.0000,0.0000
0,1526,0.3070,1986.8037,0.0000,0.0000
0,1527,0.3072,1986.4052,0.0000,0.0000
0,1528,0.3074,1986.0012,0.0000,0.0000
0,1529,0.3076,1985.5916,0.0000,0.0000
0,1530,0.3078,1985.1765,0.0000,0.0000
0,1531,0.3080,1984.7559,0.0000,0.0000
0,1532,0.3082,1984.3297,0.0000,0.0000
0,1533,0.3084,1983.8980,0.0000,0.0000
0,1534,0.3086,1983.4608,0.0000,0.0000
0,1535,0.3088,1983.0177,0.0000,0.0000
0,1536,0.3090,1982.5687,0.0000,0.0000
0,1537,0.3092,1982.1137,0.0000,0.0000
0,1538,0.3094,1981.6528,0.0000,0.0000
0,1539,0.3096,1981.1859,0.0000,0.0000
0,1540,0.3098,1980.7130,0.0000,0.0000
0,1541,0.3100,1980.2342,0.0000,0.0000
0,1542,0.3102,1979.7494,0.0000,0.0000
0,1543,0.3104,1979.2586,0.0000,0.0000
0,1544,0.3106,1978.7618,0.0000,0.0000
0,1545,0.3108,1978.2588,0.0000,0.0000
0,1546,0.3110,1977.7494,0.0000,0.0000
0,1547,0.3112,1977.2337,0.0000,0.0000
0,1548,0.3114,1976.7116,0.0000,0.0000
0,1549,0.3116,1976.1831,0.0000,0.0000
0,1550,0.3118,1975.6483,0.0000,0.0000
0,1551,0.3120,1975.1071,0.0000,0.0000
0,1552,0.3122,1974.5596,0.0000,0.0000
0,1553,0.3124,1974.0057,0.0000,0.0000
0,1554,0.3126,1973.4454,0.0000,0.0000
0,1555,0.3128,1972.8785,0.0000,0.0000
0,1556,0.3130,1972.3049,0.0000,0.0000
0,1557,0.3132,1971.7245,0.0000,0.0000
0,1558,0.3134,1971.1374,0.0000,0.0000
0,1559,0.3136,1970.5437,0.0000,0.0000
0,1560,0.3138,1969.9432,0.0000,0.0000
0,1561,0.3140,1969.3360,0.0000,0.0000
0,1562,0.3142,1968.7221,0.0000,0.0000
0,1563,0.3144,1968.1015,0.0000,0.0000
0,1564,0.3146,1967.4741,0.0000,0.0000
0,1565,0.3148,1966.8397,0.0000,0.0000
0,1566,0.3150,1966.1983,0.0000,0.0000
0,1567,0.3151,1965.5499,0.0000,0.0000
0,1568,0.3153,1964.8945,0.0000,0.0000
0,1569,0.3155,1964.2320,0.0000,0.0000
0,1570,0.3157,1963.5625,0.0000,0.0000
0,1571,0.3159,1962.8859,0.0000,0.0000
0,1572,0.3161,1962.2024,0.0000,0.0000
0,1573,0.3163,1961.5118,0.0000,0.0000
0,1574,0.3165,1960.8141,0.0000,0.0000
0,1575,0.3167,1960.1092,0.0000,0.0000
0,1576,0.3169,1959.3969,0.0000,0.0000
0,1577,0.3171,1958.6773,0.0000,0.0000
0,1578,0.3173,1957.9504,0.0000,0.0000
0,1579,0.3175,1957.2161,0.0000,0.0000
0,1580,0.3177,1956.4746,0.0000,0.0000
0,1581,0.3179,1955.7257,0.0000,0.0000
0,1582,0.3181,1954.9696,0.0000,0.0000
0,1583,0.3183,1954.2061,0.0000,0.0000
0,1584,0.3185,1953.4352,0.0000,0.0000
0,1585,0.3187,1952.6568,0.0000,0.0000
0,1586,0.3189,1951.8708,0.0000,0.0000
0,1587,0.3191,1951.0772,0.0000,0.0000
0,1588,0.3193,1950.2760,0.0000,0.0000
0,1589,0.3195,1949.4672,0.0000,0.0000
0,1590,0.3197,1948.6508,0.0000,0.0000
0,1591,0.3198,1947.8269,0.0000,0.0000
0,1592,0.3200,1946.9954,0.0000,0.0000
0,1593,0.3202,1946.1563,0.0000,0.0000
0,1594,0.3204,1945.3095,0.0000,0.0000
0,1595,0.3206,1944.4549,0.0000,0.0000
0,1596,0.3208,1943.5925,0.0000,0.0000
0,1597,0.3210,1942.7222,0.0000,0.0000
0,1598,0.3212,1941.8441,0.0000,0.0000
0,1599,0.3214,1940.9582,0.0000,0.0000
0,1600,0.3216,1940.0643,0.0000,0.0000
0,1601,0.3218,1939.1627,0.0000,0.0000
0,1602,0.3220,1938.2532,0.0000,0.0000
0,1603,0.3222,1937.3359,0.0000,0.0000
0,1604,0.3224,1936.4107,0.0000,0.0000
0,1605,0.3226,1935.4774,0.0000,0.0000
0,1606,0.3228,1934.5360,0.0000,0.0000
0,1607,0.3230,1933.5865,0.0000,0.0000
0,1608,0.3231,1932.6289,0.0000,0.0000
0,1609,0.3233,1931.6631,0.0000,0.0000
0,1610,0.3235,1930.6893,0.0000,0.0000
0,1611,0.3237,1929.7074,0.0000,0.0000
0,1612,0.3239,1928.7174,0.0000,0.0000
0,1613,0.3241,1927.7193,0.0000,0.0000
0,1614,0.3243,1926.7130,0.0000,0.0000
0,1615,0.3245,1925.6985,0.0000,0.0000
0,1616,0.3247,1924.6755,0.0000,0.0000
0,1617,0.3249,1923.6442,0.0000,0.0000
0,1618,0.3251,1922.6045,0.0000,0.0000
0,1619,0.3253,1921.5565,0.0000,0.0000
0,1620,0.3255,1920.5001,0.0000,0.0000
0,1621,0.3256,1919.4353,0.0000,0.0000
0,1622,0.3258,1918.3621,0.0000,0.0000
0,1623,0.3260,1917.2806,0.0000,0.0000
0,1624,0.3262,1916.1908,0.0000,0.0000
0,1625,0.3264,1915.0923,0.0000,0.0000
0,1626,0.3266,1913.9852,0.0000,0.0000
0,1627,0.3268,1912.8695,0.0000,0.0000
0,1628,0.3270,1911.7451,0.0000,0.0000
0,1629,0.3272,1910.6120,0.0000,0.0000
0,1630,0.3274,1909.4703,0.0000,0.0000
0,1631,0.3276,1908.3200,0.0000,0.0000
0,1632,0.3278,1907.1610,0.0000,0.0000
0,1633,0.3279,1905.9934,0.0000,0.0000
0,1634,0.3281,1904.8172,0.0000,0.0000
0,1635,0.3283,1903.6322,0.0000,0.0000
0,1636,0.3285,1902.4382,0.0000,0.0000
0,1637,0.3287,1901.2353,0.0000,0.0000
0,1638,0.3289,1900.0234,0.0000,0.0000
0,1639,0.3291,1898.8026,0.0000,0.0000
0,1640,0.3293,1897.5728,0.0000,0.0000
0,1641,0.3295,1896.3341,0.0000,0.0000
0,1642,0.3297,1895.0865,0.0000,0.0000
0,1643,0.3298,1893.8299,0.0000,0.0000
0,1644,0.3300,1892.5645,0.0000,0.0000
0,1645,0.3302,1891.2900,0.0000,0.0000
0,1646,0.3304,1890.0062,0.0000,0.0000
0,1647,0.3306,1888.7132,0.0000,0.0000
0,1648,0.3308,1887.4109,0.0000,0.0000
0,1649,0.3310,1886.0994,0.0000,0.0000
0,1650,0.3312,1884.7786,0.0000,0.0000
0,1651,0.3314,1883.4485,0.0000,0.0000
0,1652,0.3315,1882.1092,0.0000,0.0000
0,1653,0.3317,1880.7607,0.0000,0.0000
0,1654,0.3319,1879.4029,0.0000,0.0000
0,1655,0.3321,1878.0359,0.0000,0.0000
0,1656,0.3323,1876.6593,0.0000,0.0000
0,1657,0.3325,1875.2731,0.0000,0.0000
0,1658,0.3327,1873.8773,0.0000,0.0000
0,1659,0.3329,1872.4719,0.0000,0.0000
0,1660,0.3330,1871.0569,0.0000,0.0000
0,1661,0.3332,1869.6323,0.0000,0.0000
0,1662,0.3334,1868.1981,0.0000,0.0000
0,1663,0.3336,1866.7544,0.0000,0.0000
0,1664,0.3338,1865.3011,0.0000,0.0000
0,1665,0.3340,1863.8382,0.0000,0.0000
0,1666,0.3342,1862.3655,0.0000,0.0000
0,1667,0.3344,1860.8829,0.0000,0.0000
0,1668,0.3345,1859.3903,0.0000,0.0000
0,1669,0.3347,1857.8877,0.0000,0.0000
0,1670,0.3349,1856.3751,0.0000,0.0000
0,1671,0.3351,1854.8526,0.0000,0.0000
0,1672,0.3353,1853.3201,0.0000,0.0000
0,1673,0.3355,1851.7777,0.0000,0.0000
0,1674,0.3357,1850.2254,0.0000,0.0000
0,1675,0.3358,1848.6631,0.0000,0.0000
0,1676,0.3360,1847.0908,0.0000,0.0000
0,1677,0.3362,1845.5082,0.0000,0.0000
0,1678,0.3364,1843.9153,0.0000,0.0000
0,1679,0.3366,1842.3120,0.0000,0.0000
0,1680,0.3368,1840.6983,0.0000,0.0000
0,1681,0.3369,1839.0742,0.0000,0.0000
0,1682,0.3371,1837.4398,0.0000,0.0000
0,1683,0.3373,1835.7951,0.0000,0.0000
0,1684,0.3375,1834.1400,0.0000,0.0000
0,1685,0.3377,1832.4746,0.0000,0.0000
0,1686,0.3379,1830.7989,0.0000,0.0000
0,1687,0.3380,1829.1127,0.0000,0.0000
0,1688,0.3382,1827.4157,0.0000,0.0000
0,1689,0.3384,1825.7079,0.0000,0.0000
0,1690,0.3386,1823.9892,0.0000,0.0000
0,1691,0.3388,1822.2598,0.0000,0.0000
0,1692,0.3390,1820.5197,0.0000,0.0000
0,1693,0.3391,1818.7687,0.0000,0.0000
0,1694,0.3393,1817.0070,0.0000,0.0000
0,1695,0.3395,1815.2346,0.0000,0.0000
0,1696,0.3397,1813.4514,0.0000,0.0000
0,1697,0.3399,1811.6574,0.0000,0.0000
0,1698,0.3400,1809.8524,0.0000,0.0000
0,1699,0.3402,1808.0362,0.0000,0.0000
0,1700,0.3404,1806.2087,0.0000,0.0000
0,1701,0.3406,1804.3699,0.0000,0.0000
0,1702,0.3408,1802.5199,0.0000,0.0000
0,1703,0.3409,1800.6586,0.0000,0.0000
0,1704,0.3411,1798.7862,0.0000,0.0000
0,1705,0.3413,1796.9025,0.0000,0.0000
0,1706,0.3415,1795.0077,0.0000,0.0000
0,1707,0.3417,1793.1016,0.0000,0.0000
0,1708,0.3418,1791.1843,0.0000,0.0000
0,1709,0.3420,1789.2555,0.0000,0.0000
0,1710,0.3422,1787.3149,0.0000,0.0000
0,1711,0.3424,1785.3625,0.0000,0.0000
0,1712,0.3426,1783.3984,0.0000,0.0000
0,1713,0.3427,1781.4226,0.0000,0.0000
0,1714,0.3429,1779.4351,0.0000,0.0000
0,1715,0.3431,1777.4358,0.0000,0.0000
0,1716,0.3433,1775.4249,0.0000,0.0000
0,1717,0.3434,1773.4024,0.0000,0.0000
0,1718,0.3436,1771.3681,0.0000,0.0000
0,1719,0.3438,1769.3221,0.0000,0.0000
0,1720,0.3440,1767.2641,0.0000,0.0000
0,1721,0.3442,1765.1938,0.0000,0.0000
0,1722,0.3443,1763.1112,0.0000,0.0000
0,1723,0.3445,1761.0163,0.0000,0.0000
0,1724,0.3447,1758.9093,0.0000,0.0000
0,1725,0.3449,1756.7900,0.0000,0.0000
0,1726,0.3450,1754.6584,0.0000,0.0000
0,1727,0.3452,1752.5147,0.0000,0.0000
0,1728,0.3454,1750.3589,0.0000,0.0000
0,1729,0.3456,1748.1908,0.0000,0.0000
0,1730,0.3457,1746.0105,0.0000,0.0000
0,1731,0.3459,1743.8177,0.0000,0.0000
0,1732,0.3461,1741.6121,0.0000,0.0000
0,1733,0.3463,1739.3936,0.0000,0.0000
0,1734,0.3464,1737.1623,0.0000,0.0000
0,1735,0.3466,1734.9183,0.0000,0.0000
0,1736,0.3468,1732.6615,0.0000,0.0000
0,1737,0.3470,1730.3919,0.0000,0.0000
0,1738,0.3471,1728.1096,0.0000,0.0000
0,1739,0.3473,1725.8146,0.0000,0.0000
0,1740,0.3475,1723.5069,0.0000,0.0000
0,1741,0.3476,1721.1866,0.0000,0.0000
0,1742,0.3478,1718.8531,0.0000,0.0000
0,1743,0.3480,1716.5064,0.0000,0.0000
0,1744,0.3482,1714.1462,0.0000,0.0000
0,1745,0.3483,1711.7726,0.0000,0.0000
0,1746,0.3485,1709.3857,0.0000,0.0000
0,1747,0.3487,1706.9855,0.0000,0.0000
0,1748,0.3488,1704.5719,0.0000,0.0000
0,1749,0.3490,1702.1450,0.0000,0.0000
0,1750,0.3492,1699.7049,0.0000,0.0000
0,1751,0.3494,1697.2515,0.0000,0.0000
0,1752,0.3495,1694.7848,0.0000,0.0000
0,1753,0.3497,1692.3048,0.0000,0.0000
0,1754,0.3499,1689.8109,0.0000,0.0000
0,1755,0.3500,1687.3030,0.0000,0.0000
0,1756,0.3502,1684.7811,0.0000,0.0000
0,1757,0.3504,1682.2453,0.0000,0.0000
0,1758,0.3505,1679.6956,0.0000,0.0000
0,1759,0.3507,1677.1319,0.0000,0.0000
0,1760,0.3509,1674.5543,0.0000,0.0000
0,1761,0.3510,1671.9629,0.0000,0.0000
0,1762,0.3512,1669.3576,0.0000,0.0000
0,1763,0.3514,1666.7384,0.0000,0.0000
0,1764,0.3515,1664.1055,0.0000,0.0000
0,1765,0.3517,1661.4584,0.0000,0.0000
0,1766,0.3519,1658.7967,0.0000,0.0000
0,1767,0.3520,1656.1204,0.0000,0.0000
0,1768,0.3522,1653.4296,0.0000,0.0000
0,1769,0.3524,1650.7241,0.0000,0.0000
0,1770,0.3525,1648.0042,0.0000,0.0000
0,1771,0.3527,1645.2697,0.0000,0.0000
0,1772,0.3529,1642.5207,0.0000,0.0000
0,1773,0.3530,1639.7572,0.0000,0.0000
0,1774,0.3532,1636.9793,0.0000,0.0000
0,1775,0.3534,1634.1870,0.0000,0.0000
0,1776,0.3535,1631.3803,0.0000,0.0000
0,1777,0.3537,1628.5588,0.0000,0.0000
0,1778,0.3538,1625.7220,0.0000,0.0000
0,1779,0.3540,1622.8699,0.0000,0.0000
0,1780,0.3542,1620.0026,0.0000,0.0000
0,1781,0.3543,1617.1202,0.0000,0.0000
0,1782,0.3545,1614.2225,0.0000,0.0000
0,1783,0.3547,1611.3098,0.0000,0.0000
0,1784,0.3548,1608.3819,0.0000,0.0000
0,1785,0.3550,1605.4390,0.0000,0.0000
0,1786,0.3551,1602.4810,0.0000,0.0000
0,1787,0.3553,1599.5080,0.0000,0.0000
0,1788,0.3555,1596.5199,0.0000,0.0000
0,1789,0.3556,1593.5165,0.0000,0.0000
0,1790,0.3558,1590.4972,0.0000,0.0000
0,1791,0.3559,1587.4620,0.0000,0.0000
0,1792,0.3561,1584.4110,0.0000,0.0000
0,1793,0.3562,1581.3441,0.0000,0.0000
0,1794,0.3564,1578.2615,0.0000,0.0000
0,1795,0.3566,1575.1631,0.0000,0.0000
0,1796,0.3567,1572.0489,0.0000,0.0000
0,1797,0.3569,1568.9191,0.0000,0.0000
0,1798,0.3570,1565.7735,0.0000,0.0000
0,1799,0.3572,1562.6123,0.0000,0.0000
0,1800,0.3573,1559.4356,0.0000,0.0000
0,1801,0.3575,1556.2429,0.0000,0.0000
0,1802,0.3577,1553.0340,0.0000,0.0000
0,1803,0.3578,1549.8085,0.0000,0.0000
0,1804,0.3580,1546.5665,0.0000,0.0000
0,1805,0.3581,1543.3080,0.0000,0.0000
0,1806,0.3583,1540.0331,0.0000,0.0000
0,1807,0.3584,1536.7418,0.0000,0.0000
0,1808,0.3586,1533.4342,0.0000,0.0000
0,1809,0.3587,1530.1101,0.0000,0.0000
0,1810,0.3589,1526.7698,0.0000,0.0000
0,1811,0.3590,1523.4133,0.0000,0.0000
0,1812,0.3592,1520.0405,0.0000,0.0000
0,1813,0.3593,1516.6515,0.0000,0.0000
0,1814,0.3595,1513.2459,0.0000,0.0000
0,1815,0.3596,1509.8233,0.0000,0.0000
0,1816,0.3598,1506.3834,0.0000,0.0000
0,1817,0.3599,1502.9265,0.0000,0.0000
0,1818,0.3601,1499.4524,0.0000,0.0000
0,1819,0.3602,1495.9614,0.0000,0.0000
0,1820,0.3604,1492.4533,0.0000,0.0000
0,1821,0.3605,1488.9283,0.0000,0.0000
0,1822,0.3607,1485.3863,0.0000,0.0000
0,1823,0.3608,1481.8275,0.0000,0.0000
0,1824,0.3610,1478.2518,0.0000,0.0000
0,1825,0.3611,1474.6593,0.0000,0.0000
0,1826,0.3613,1471.0501,0.0000,0.0000
0,1827,0.3614,1467.4237,0.0000,0.0000
0,1828,0.3616,1463.7797,0.0000,0.0000
0,1829,0.3617,1460.1179,0.0000,0.0000
0,1830,0.3619,1456.4384,0.0000,0.0000
0,1831,0.3620,1452.7412,0.0000,0.0000
0,1832,0.3622,1449.0264,0.0000,0.0000
0,1833,0.3623,1445.2940,0.0000,0.0000
0,1834,0.3625,1441.5441,0.0000,0.0000
0,1835,0.3626,1437.7767,0.0000,0.0000
0,1836,0.3627,1433.9918,0.0000,0.0000
0,1837,0.3629,1430.1896,0.0000,0.0000
0,1838,0.3630,1426.3700,0.0000,0.0000
0,1839,0.3632,1422.5330,0.0000,0.0000
0,1840,0.3633,1418.6787,0.0000,0.0000
0,1841,0.3635,1414.8065,0.0000,0.0000
0,1842,0.3636,1410.9159,0.0000,0.0000
0,1843,0.3637,1407.0070,0.0000,0.0000
0,1844,0.3639,1403.0799,0.0000,0.0000
0,1845,0.3640,1399.1346,0.0000,0.0000
0,1846,0.3642,1395.1712,0.0000,0.0000
0,1847,0.3643,1391.1897,0.0000,0.0000
0,1848,0.3644,1387.1901,0.0000,0.0000
0,1849,0.3646,1383.1726,0.0000,0.0000
0,1850,0.3647,1379.1371,0.0000,0.0000
0,1851,0.3648,1375.0838,0.0000,0.0000
0,1852,0.3650,1371.0126,0.0000,0.0000
0,1853,0.3651,1366.9237,0.0000,0.0000
0,1854,0.3653,1362.8169,0.0000,0.0000
0,1855,0.3654,1358.6917,0.0000,0.0000
0,1856,0.3655,1354.5478,0.0000,0.0000
0,1857,0.3657,1350.3850,0.0000,0.0000
0,1858,0.3658,1346.2036,0.0000,0.0000
0,1859,0.3659,1342.0035,0.0000,0.0000
0,1860,0.3661,1337.7848,0.0000,0.0000
0,1861,0.3662,1333.5476,0.0000,0.0000
0,1862,0.3663,1329.2919,0.0000,0.0000
0,1863,0.3665,1325.0178,0.0000,0.0000
0,1864,0.3666,1320.7253,0.0000,0.0000
0,1865,0.3667,1316.4146,0.0000,0.0000
0,1866,0.3669,1312.0856,0.0000,0.0000
0,1867,0.3670,1307.7384,0.0000,0.0000
0,1868,0.3671,1303.3731,0.0000,0.0000
0,1869,0.3673,1298.9895,0.0000,0.0000
0,1870,0.3674,1294.5868,0.0000,0.0000
0,1871,0.3675,1290.1651,0.0000,0.0000
0,1872,0.3676,1285.7242,0.0000,0.0000
0,1873,0.3678,1281.2642,0.0000,0.0000
0,1874,0.3679,1276.7853,0.0000,0.0000
0,1875,0.3680,1272.2875,0.0000,0.0000
0,1876,0.3682,1267.7708,0.0000,0.0000
0,1877,0.3683,1263.2354,0.0000,0.0000
0,1878,0.3684,1258.6812,0.0000,0.0000
0,1879,0.3685,1254.1084,0.0000,0.0000
0,1880,0.3687,1249.5171,0.0000,0.0000
0,1881,0.3688,1244.9072,0.0000,0.0000
0,1882,0.3689,1240.2789,0.0000,0.0000
0,1883,0.3690,1235.6322,0.0000,0.0000
0,1884,0.3692,1230.9672,0.0000,0.0000
0,1885,0.3693,1226.2832,0.0000,0.0000
0,1886,0.3694,1221.5798,0.0000,0.0000
0,1887,0.3695,1216.8571,0.0000,0.0000
0,1888,0.3696,1212.1151,0.0000,0.0000
0,1889,0.3698,1207.3539,0.0000,0.0000
0,1890,0.3699,1202.5735,0.0000,0.0000
0,1891,0.3700,1197.7742,0.0000,0.0000
0,1892,0.3701,1192.9558,0.0000,0.0000
0,1893,0.3702,1188.1186,0.0000,0.0000
0,1894,0.3704,1183.2625,0.0000,0.0000
0,1895,0.3705,1178.3877,0.0000,0.0000
0,1896,0.3706,1173.4943,0.0000,0.0000
0,1897,0.3707,1168.5822,0.0000,0.0000
0,1898,0.3708,1163.6517,0.0000,0.0000
0,1899,0.3709,1158.7027,0.0000,0.0000
0,1900,0.3711,1153.7354,0.0000,0.0000
0,1901,0.3712,1148.7493,0.0000,0.0000
0,1902,0.3713,1143.7439,0.0000,0.0000
0,1903,0.3714,1138.7192,0.0000,0.0000
0,1904,0.3715,1133.6752,0.0000,0.0000
0,1905,0.3716,1128.6120,0.0000,0.0000
0,1906,0.3717,1123.5297,0.0000,0.0000
0,1907,0.3719,1118.4283,0.0000,0.0000
0,1908,0.3720,1113.3080,0.0000,0.0000
0,1909,0.3721,1108.1688,0.0000,0.0000
0,1910,0.3722,1103.0109,0.0000,0.0000
0,1911,0.3723,1097.8342,0.0000,0.0000
0,1912,0.3724,1092.6390,0.0000,0.0000
0,1913,0.3725,1087.4253,0.0000,0.0000
0,1914,0.3726,1082.1931,0.0000,0.0000
0,1915,0.3727,1076.9426,0.0000,0.0000
0,1916,0.3728,1071.6739,0.0000,0.0000
0,1917,0.3729,1066.3870,0.0000,0.0000
0,1918,0.3731,1061.0820,0.0000,0.0000
0,1919,0.3732,1055.7583,0.0000,0.0000
0,1920,0.3733,1050.4156,0.0000,0.0000
0,1921,0.3734,1045.0537,0.0000,0.0000
0,1922,0.3735,1039.6730,0.0000,0.0000
0,1923,0.3736,1034.2734,0.0000,0.0000
0,1924,0.3737,1028.8550,0.0000,0.0000
0,1925,0.3738,1023.4180,0.0000,0.0000
0,1926,0.3739,1017.9625,0.0000,0.0000
0,1927,0.3740,1012.4885,0.0000,0.0000
0,1928,0.3741,1006.9962,0.0000,0.0000
0,1929,0.3742,1001.4856,0.0000,0.0000
0,1930,0.3743,995.9569,0.0000,0.0000
0,1931,0.3744,990.4101,0.0000,0.0000
0,1932,0.3745,984.8454,0.0000,0.0000
0,1933,0.3746,979.2628,0.0000,0.0000
0,1934,0.3747,973.6625,0.0000,0.0000
0,1935,0.3748,968.0445,0.0000,0.0000
0,1936,0.3749,962.4090,0.0000,0.0000
0,1937,0.3750,956.7561,0.0000,0.0000
0,1938,0.3751,951.0854,0.0000,0.0000
0,1939,0.3752,945.3964,0.0000,0.0000
0,1940,0.3753,939.6890,0.0000,0.0000
0,1941,0.3754,933.9635,0.0000,0.0000
0,1942,0.3754,928.2199,0.0000,0.0000
0,1943,0.3755,922.4582,0.0000,0.0000
0,1944,0.3756,916.6787,0.0000,0.0000
0,1945,0.3757,910.8814,0.0000,0.0000
0,1946,0.3758,905.0664,0.0000,0.0000
0,1947,0.3759,899.2339,0.0000,0.0000
0,1948,0.3760,893.3839,0.0000,0.0000
0,1949,0.3761,887.5167,0.0000,0.0000
0,1950,0.3762,881.6322,0.0000,0.0000
0,1951,0.3763,875.7306,0.0000,0.0000
0,1952,0.3763,869.8121,0.0000,0.0000
0,1953,0.3764,863.8767,0.0000,0.0000
0,1954,0.3765,857.9245,0.0000,0.0000
0,1955,0.3766,851.9557,0.0000,0.0000
0,1956,0.3767,845.9704,0.0000,0.0000
0,1957,0.3768,839.9687,0.0000,0.0000
0,1958,0.3769,833.9507,0.0000,0.0000
0,1959,0.3769,827.9166,0.0000,0.0000
0,1960,0.3770,821.8659,0.0000,0.0000
0,1961,0.3771,815.7983,0.0000,0.0000
0,1962,0.3772,809.7137,0.0000,0.0000
0,1963,0.3773,803.6124,0.0000,0.0000
0,1964,0.3773,797.4944,0.0000,0.0000
0,1965,0.3774,791.3598,0.0000,0.0000
0,1966,0.3775,785.2088,0.0000,0.0000
0,1967,0.3776,779.0415,0.0000,0.0000
0,1968,0.3777,772.8581,0.0000,0.0000
0,1969,0.3777,766.6587,0.0000,0.0000
0,1970,0.3778,760.4433,0.0000,0.0000
0,1971,0.3779,754.2122,0.0000,0.0000
0,1972,0.3780,747.9654,0.0000,0.0000
0,1973,0.3780,741.7031,0.0000,0.0000
0,1974,0.3781,735.4254,0.0000,0.0000
0,1975,0.3782,729.1325,0.0000,0.0000
0,1976,0.3783,722.8244,0.0000,0.0000
0,1977,0.3783,716.5013,0.0000,0.0000
0,1978,0.3784,710.1634,0.0000,0.0000
0,1979,0.3785,703.8107,0.0000,0.0000
0,1980,0.3785,697.4435,0.0000,0.0000
0,1981,0.3786,691.0618,0.0000,0.0000
0,1982,0.3787,684.6657,0.0000,0.0000
0,1983,0.3787,678.2555,0.0000,0.0000
0,1984,0.3788,671.8311,0.0000,0.0000
0,1985,0.3789,665.3929,0.0000,0.0000
0,1986,0.3789,658.9405,0.0000,0.0000
0,1987,0.3790,652.4736,0.0000,0.0000
0,1988,0.3791,645.9923,0.0000,0.0000
0,1989,0.3791,639.4967,0.0000,0.0000
0,1990,0.3792,632.9868,0.0000,0.0000
0,1991,0.3793,626.4629,0.0000,0.0000
0,1992,0.3793,619.9251,0.0000,0.0000
0,1993,0.3794,613.3736,0.0000,0.0000
0,1994,0.3795,606.8084,0.0000,0.0000
0,1995,0.3795,600.2297,0.0000,0.0000
0,1996,0.3796,593.6378,0.0000,0.0000
0,1997,0.3796,587.0326,0.0000,0.0000
0,1998,0.3797,580.4144,0.0000,0.0000
0,1999,0.3798,573.7834,0.0000,0.0000
0,2000,0.3798,567.1396,0.0000,0.0000
0,2001,0.3799,560.4832,0.0000,0.0000
0,2002,0.3799,553.8144,0.0000,0.0000
0,2003,0.3800,547.1332,0.0000,0.0000
0,2004,0.3800,540.4400,0.0000,0.0000
0,2005,0.3801,533.7347,0.0000,0.0000
0,2006,0.3801,527.0176,0.0000,0.0000
0,2007,0.3802,520.2888,0.0000,0.0000
0,2008,0.3802,513.5484,0.0000,0.0000
0,2009,0.3803,506.7967,0.0000,0.0000
0,2010,0.3803,500.0337,0.0000,0.0000
0,2011,0.3804,493.2596,0.0000,0.0000
0,2012,0.3804,486.4745,0.0000,0.0000
0,2013,0.3805,479.6787,0.0000,0.0000
0,2014,0.3805,472.8722,0.0000,0.0000
0,2015,0.3806,466.0552,0.0000,0.0000
0,2016,0.3806,459.2279,0.0000,0.0000
0,2017,0.3807,452.3903,0.0000,0.0000
0,2018,0.3807,445.5428,0.0000,0.0000
0,2019,0.3808,438.6853,0.0000,0.0000
0,2020,0.3808,431.8181,0.0000,0.0000
0,2021,0.3808,424.9413,0.0000,0.0000
0,2022,0.3809,418.0549,0.0000,0.0000
0,2023,0.3809,411.1586,0.0000,0.0000
0,2024,0.3810,404.2525,0.0000,0.0000
0,2025,0.3810,397.3368,0.0000,0.0000
0,2026,0.3811,390.4116,0.0000,0.0000
0,2027,0.3811,383.4772,0.0000,0.0000
0,2028,0.3811,376.5337,0.0000,0.0000
0,2029,0.3812,369.5813,0.0000,0.0000
0,2030,0.3812,362.6201,0.0000,0.0000
0,2031,0.3812,355.6502,0.0000,0.0000
0,2032,0.3813,348.6719,0.0000,0.0000
0,2033,0.3813,341.6854,0.0000,0.0000
0,2034,0.3813,334.6907,0.0000,0.0000
0,2035,0.3814,327.6880,0.0000,0.0000
0,2036,0.3814,320.6776,0.0000,0.0000
0,2037,0.3814,313.6596,0.0000,0.0000
0,2038,0.3815,306.6341,0.0000,0.0000
0,2039,0.3815,299.6013,0.0000,0.0000
0,2040,0.3815,292.5615,0.0000,0.0000
0,2041,0.3816,285.5146,0.0000,0.0000
0,2042,0.3816,278.4610,0.0000,0.0000
0,2043,0.3816,271.4008,0.0000,0.0000
0,2044,0.3816,264.3341,0.0000,0.0000
0,2045,0.3817,257.2612,0.0000,0.0000
0,2046,0.3817,250.1821,0.0000,0.0000
0,2047,0.3817,243.0971,0.0000,0.0000
0,2048,0.3817,236.0063,0.0000,0.0000
0,2049,0.3818,228.9099,0.0000,0.0000
0,2050,0.3818,221.8081,0.0000,0.0000
0,2051,0.3818,214.7010,0.0000,0.0000
0,2052,0.3818,207.5889,0.0000,0.0000
0,2053,0.3819,200.4717,0.0000,0.0000
0,2054,0.3819,193.3499,0.0000,0.0000
0,2055,0.3819,186.2234,0.0000,0.0000
0,2056,0.3819,179.0925,0.0000,0.0000
0,2057,0.3819,171.9573,0.0000,0.0000
0,2058,0.3819,164.8181,0.0000,0.0000
0,2059,0.3820,157.6750,0.0000,0.0000
0,2060,0.3820,150.5281,0.0000,0.0000
0,2061,0.3820,143.3776,0.0000,0.0000
0,2062,0.3820,136.2237,0.0000,0.0000
0,2063,0.3820,129.0666,0.0000,0.0000
0,2064,0.3820,121.9065,0.0000,0.0000
0,2065,0.3820,114.7434,0.0000,0.0000
0,2066,0.3821,107.5776,0.0000,0.0000
0,2067,0.3821,100.4093,0.0000,0.0000
0,2068,0.3821,93.2385,0.0000,0.0000
0,2069,0.3821,86.0656,0.0000,0.0000
0,2070,0.3821,78.8906,0.0000,0.0000
0,2071,0.3821,71.7137,0.0000,0.0000
0,2072,0.3821,64.5352,0.0000,0.0000
0,2073,0.3821,57.3551,0.0000,0.0000
0,2074,0.3821,50.1736,0.0000,0.0000
0,2075,0.3821,42.9909,0.0000,0.0000
0,2076,0.3821,35.8073,0.0000,0.0000
0,2077,0.3821,28.6227,0.0000,0.0000
0,2078,0.3821,21.4375,0.0000,0.0000
0,2079,0.3821,14.2518,0.0000,0.0000
0,2080,0.3821,7.0658,0.0000,0.0000
0,2081,0.3821,-0.1205,0.0000,0.0000
0,2082,0.3821,-7.3067,0.0000,0.0000
0,2083,0.3821,-14.4927,0.0000,0.0000
0,2084,0.3821,-21.6784,0.0000,0.0000
0,2085,0.3821,-28.8636,0.0000,0.0000
0,2086,0.3821,-36.0481,0.0000,0.0000
0,2087,0.3821,-43.2318,0.0000,0.0000
0,2088,0.3821,-50.4144,0.0000,0.0000
0,2089,0.3821,-57.5958,0.0000,0.0000
0,2090,0.3821,-64.7759,0.0000,0.0000
0,2091,0.3821,-71.9544,0.0000,0.0000
0,2092,0.3821,-79.1312,0.0000,0.0000
0,2093,0.3821,-86.3061,0.0000,0.0000
0,2094,0.3821,-93.4790,0.0000,0.0000
0,2095,0.3821,-100.6496,0.0000,0.0000
0,2096,0.3821,-107.8179,0.0000,0.0000
0,2097,0.3820,-114.9836,0.0000,0.0000
0,2098,0.3820,-122.1466,0.0000,0.0000
0,2099,0.3820,-129.3066,0.0000,0.0000
0,2100,0.3820,-136.4636,0.0000,0.0000
0,2101,0.3820,-143.6174,0.0000,0.0000
0,2102,0.3820,-150.7678,0.0000,0.0000
0,2103,0.3820,-157.9145,0.0000,0.0000
0,2104,0.3819,-165.0575,0.0000,0.0000
0,2105,0.3819,-172.1966,0.0000,0.0000
0,2106,0.3819,-179.3316,0.0000,0.0000
0,2107,0.3819,-186.4624,0.0000,0.0000
0,2108,0.3819,-193.5887,0.0000,0.0000
0,2109,0.3819,-200.7104,0.0000,0.0000
0,2110,0.3818,-207.8274,0.0000,0.0000
0,2111,0.3818,-214.9394,0.0000,0.0000
0,2112,0.3818,-222.0463,0.0000,0.0000
0,2113,0.3818,-229.1480,0.0000,0.0000
0,2114,0.3817,-236.2441,0.0000,0.0000
0,2115,0.3817,-243.3347,0.0000,0.0000
0,2116,0.3817,-250.4195,0.0000,0.0000
0,2117,0.3817,-257.4984,0.0000,0.0000
0,2118,0.3816,-264.5711,0.0000,0.0000
0,2119,0.3816,-271.6376,0.0000,0.0000
0,2120,0.3816,-278.6976,0.0000,0.0000
0,2121,0.3816,-285.7510,0.0000,0.0000
0,2122,0.3815,-292.7976,0.0000,0.0000
0,2123,0.3815,-299.8372,0.0000,0.0000
0,2124,0.3815,-306.8698,0.0000,0.0000
0,2125,0.3814,-313.8950,0.0000,0.0000
0,2126,0.3814,-320.9128,0.0000,0.0000
0,2127,0.3814,-327.9229,0.0000,0.0000
0,2128,0.3813,-334.9253,0.0000,0.0000
0,2129,0.3813,-341.9197,0.0000,0.0000
0,2130,0.3813,-348.9060,0.0000,0.0000
0,2131,0.3812,-355.8840,0.0000,0.0000
0,2132,0.3812,-362.8536,0.0000,0.0000
0,2133,0.3812,-369.8145,0.0000,0.0000
0,2134,0.3811,-376.7667,0.0000,0.0000
0,2135,0.3811,-383.7099,0.0000,0.0000
0,2136,0.3811,-390.6440,0.0000,0.0000
0,2137,0.3810,-397.5688,0.0000,0.0000
0,2138,0.3810,-404.4842,0.0000,0.0000
0,2139,0.3809,-411.3899,0.0000,0.0000
0,2140,0.3809,-418.2859,0.0000,0.0000
0,2141,0.3808,-425.1721,0.0000,0.0000
0,2142,0.3808,-432.0485,0.0000,0.0000
0,2143,0.3808,-438.9154,0.0000,0.0000
0,2144,0.3807,-445.7725,0.0000,0.0000
0,2145,0.3807,-452.6198,0.0000,0.0000
0,2146,0.3806,-459.4570,0.0000,0.0000
0,2147,0.3806,-466.2839,0.0000,0.0000
0,2148,0.3805,-473.1006,0.0000,0.0000
0,2149,0.3805,-479.9067,0.0000,0.0000
0,2150,0.3804,-486.7022,0.0000,0.0000
0,2151,0.3804,-493.4869,0.0000,0.0000
0,2152,0.3803,-500.2606,0.0000,0.0000
0,2153,0.3803,-507.0232,0.0000,0.0000
0,2154,0.3802,-513.7746,0.0000,0.0000
0,2155,0.3802,-520.5146,0.0000,0.0000
0,2156,0.3801,-527.2430,0.0000,0.0000
0,2157,0.3801,-533.9597,0.0000,0.0000
0,2158,0.3800,-540.6646,0.0000,0.0000
0,2159,0.3800,-547.3574,0.0000,0.0000
0,2160,0.3799,-554.0381,0.0000,0.0000
0,2161,0.3799,-560.7066,0.0000,0.0000
0,2162,0.3798,-567.3625,0.0000,0.0000
0,2163,0.3797,-574.0059,0.0000,0.0000
0,2164,0.3797,-580.6365,0.0000,0.0000
0,2165,0.3796,-587.2543,0.0000,0.0000
0,2166,0.3796,-593.8590,0.0000,0.0000
0,2167,0.3795,-600.4505,0.0000,0.0000
0,2168,0.3795,-607.0287,0.0000,0.0000
0,2169,0.3794,-613.5934,0.0000,0.0000
0,2170,0.3793,-620.1445,0.0000,0.0000
0,2171,0.3793,-626.6819,0.0000,0.0000
0,2172,0.3792,-633.2053,0.0000,0.0000
0,2173,0.3791,-639.7147,0.0000,0.0000
0,2174,0.3791,-646.2099,0.0000,0.0000
0,2175,0.3790,-652.6907,0.0000,0.0000
0,2176,0.3789,-659.1570,0.0000,0.0000
0,2177,0.3789,-665.6089,0.0000,0.0000
0,2178,0.3788,-672.0467,0.0000,0.0000
0,2179,0.3787,-678.4706,0.0000,0.0000
0,2180,0.3787,-684.8804,0.0000,0.0000
0,2181,0.3786,-691.2760,0.0000,0.0000
0,2182,0.3785,-697.6572,0.0000,0.0000
0,2183,0.3785,-704.0240,0.0000,0.0000
0,2184,0.3784,-710.3761,0.0000,0.0000
0,2185,0.3783,-716.7136,0.0000,0.0000
0,2186,0.3783,-723.0361,0.0000,0.0000
0,2187,0.3782,-729.3437,0.0000,0.0000
0,2188,0.3781,-735.6361,0.0000,0.0000
0,2189,0.3780,-741.9133,0.0000,0.0000
0,2190,0.3780,-748.1751,0.0000,0.0000
0,2191,0.3779,-754.4213,0.0000,0.0000
0,2192,0.3778,-760.6519,0.0000,0.0000
0,2193,0.3777,-766.8668,0.0000,0.0000
0,2194,0.3777,-773.0657,0.0000,0.0000
0,2195,0.3776,-779.2486,0.0000,0.0000
0,2196,0.3775,-785.4153,0.0000,0.0000
0,2197,0.3774,-791.5657,0.0000,0.0000
0,2198,0.3773,-797.6998,0.0000,0.0000
0,2199,0.3773,-803.8172,0.0000,0.0000
0,2200,0.3772,-809.9180,0.0000,0.0000
0,2201,0.3771,-816.0020,0.0000,0.0000
0,2202,0.3770,-822.0691,0.0000,0.0000
0,2203,0.3769,-828.1192,0.0000,0.0000
0,2204,0.3769,-834.1528,0.0000,0.0000
0,2205,0.3768,-840.1702,0.0000,0.0000
0,2206,0.3767,-846.1714,0.0000,0.0000
0,2207,0.3766,-852.1562,0.0000,0.0000
0,2208,0.3765,-858.1244,0.0000,0.0000
0,2209,0.3764,-864.0760,0.0000,0.0000
0,2210,0.3763,-870.0108,0.0000,0.0000
0,2211,0.3763,-875.9288,0.0000,0.0000
0,2212,0.3762,-881.8298,0.0000,0.0000
0,2213,0.3761,-887.7137,0.0000,0.0000
0,2214,0.3760,-893.5804,0.0000,0.0000
0,2215,0.3759,-899.4297,0.0000,0.0000
0,2216,0.3758,-905.2617,0.0000,0.0000
0,2217,0.3757,-911.0760,0.0000,0.0000
0,2218,0.3756,-916.8728,0.0000,0.0000
0,2219,0.3755,-922.6517,0.0000,0.0000
0,2220,0.3754,-928.4127,0.0000,0.0000
0,2221,0.3753,-934.1558,0.0000,0.0000
0,2222,0.3753,-939.8807,0.0000,0.0000
0,2223,0.3752,-945.5874,0.0000,0.0000
0,2224,0.3751,-951.2758,0.0000,0.0000
0,2225,0.3750,-956.9459,0.0000,0.0000
0,2226,0.3749,-962.5983,0.0000,0.0000
0,2227,0.3748,-968.2332,0.0000,0.0000
0,2228,0.3747,-973.8506,0.0000,0.0000
0,2229,0.3746,-979.4503,0.0000,0.0000
0,2230,0.3745,-985.0323,0.0000,0.0000
0,2231,0.3744,-990.5964,0.0000,0.0000
0,2232,0.3743,-996.1426,0.0000,0.0000
0,2233,0.3742,-1001.6707,0.0000,0.0000
0,2234,0.3741,-1007.1806,0.0000,0.0000
0,2235,0.3740,-1012.6724,0.0000,0.0000
0,2236,0.3739,-1018.1457,0.0000,0.0000
0,2237,0.3738,-1023.6006,0.0000,0.0000
0,2238,0.3737,-1029.0370,0.0000,0.0000
0,2239,0.3736,-1034.4547,0.0000,0.0000
0,2240,0.3735,-1039.8537,0.0000,0.0000
0,2241,0.3734,-1045.2338,0.0000,0.0000
0,2242,0.3733,-1050.5950,0.0000,0.0000
0,2243,0.3732,-1055.9372,0.0000,0.0000
0,2244,0.3731,-1061.2602,0.0000,0.0000
0,2245,0.3729,-1066.5646,0.0000,0.0000
0,2246,0.3728,-1071.8508,0.0000,0.0000
0,2247,0.3727,-1077.1190,0.0000,0.0000
0,2248,0.3726,-1082.3688,0.0000,0.0000
0,2249,0.3725,-1087.6004,0.0000,0.0000
0,2250,0.3724,-1092.8135,0.0000,0.0000
0,2251,0.3723,-1098.0081,0.0000,0.0000
0,2252,0.3722,-1103.1841,0.0000,0.0000
0,2253,0.3721,-1108.3414,0.0000,0.0000
0,2254,0.3720,-1113.4800,0.0000,0.0000
0,2255,0.3719,-1118.5996,0.0000,0.0000
0,2256,0.3717,-1123.7004,0.0000,0.0000
0,2257,0.3716,-1128.7821,0.0000,0.0000
0,2258,0.3715,-1133.8446,0.0000,0.0000
0,2259,0.3714,-1138.8880,0.0000,0.0000
0,2260,0.3713,-1143.9121,0.0000,0.0000
0,2261,0.3712,-1148.9168,0.0000,0.0000
0,2262,0.3711,-1153.9022,0.0000,0.0000
0,2263,0.3709,-1158.8689,0.0000,0.0000
0,2264,0.3708,-1163.8173,0.0000,0.0000
0,2265,0.3707,-1168.7472,0.0000,0.0000
0,2266,0.3706,-1173.6586,0.0000,0.0000
0,2267,0.3705,-1178.5515,0.0000,0.0000
0,2268,0.3704,-1183.4256,0.0000,0.0000
0,2269,0.3702,-1188.2811,0.0000,0.0000
0,2270,0.3701,-1193.1177,0.0000,0.0000
0,2271,0.3700,-1197.9354,0.0000,0.0000
0,2272,0.3699,-1202.7341,0.0000,0.0000
0,2273,0.3698,-1207.5138,0.0000,0.0000
0,2274,0.3696,-1212.2744,0.0000,0.0000
0,2275,0.3695,-1217.0158,0.0000,0.0000
0,2276,0.3694,-1221.7378,0.0000,0.0000
0,2277,0.3693,-1226.4406,0.0000,0.0000
0,2278,0.3691,-1231.1239,0.0000,0.0000
0,2279,0.3690,-1235.7883,0.0000,0.0000
0,2280,0.3689,-1240.4344,0.0000,0.0000
0,2281,0.3688,-1245.0621,0.0000,0.0000
0,2282,0.3687,-1249.6713,0.0000,0.0000
0,2283,0.3685,-1254.2621,0.0000,0.0000
0,2284,0.3684,-1258.8342,0.0000,0.0000
0,2285,0.3683,-1263.3878,0.0000,0.0000
0,2286,0.3681,-1267.9226,0.0000,0.0000
0,2287,0.3680,-1272.4386,0.0000,0.0000
0,2288,0.3679,-1276.9358,0.0000,0.0000
0,2289,0.3678,-1281.4141,0.0000,0.0000
0,2290,0.3676,-1285.8734,0.0000,0.0000
0,2291,0.3675,-1290.3136,0.0000,0.0000
0,2292,0.3674,-1294.7348,0.0000,0.0000
0,2293,0.3673,-1299.1367,0.0000,0.0000
0,2294,0.3671,-1303.5198,0.0000,0.0000
0,2295,0.3670,-1307.8845,0.0000,0.0000
0,2296,0.3669,-1312.2310,0.0000,0.0000
0,2297,0.3667,-1316.5594,0.0000,0.0000
0,2298,0.3666,-1320.8696,0.0000,0.0000
0,2299,0.3665,-1325.1614,0.0000,0.0000
0,2300,0.3663,-1329.4349,0.0000,0.0000
0,2301,0.3662,-1333.6900,0.0000,0.0000
0,2302,0.3661,-1337.9266,0.0000,0.0000
0,2303,0.3659,-1342.1446,0.0000,0.0000
0,2304,0.3658,-1346.3441,0.0000,0.0000
0,2305,0.3657,-1350.5249,0.0000,0.0000
0,2306,0.3655,-1354.6870,0.0000,0.0000
0,2307,0.3654,-1358.8303,0.0000,0.0000
0,2308,0.3653,-1362.9549,0.0000,0.0000
0,2309,0.3651,-1367.0610,0.0000,0.0000
0,2310,0.3650,-1371.1494,0.0000,0.0000
0,2311,0.3648,-1375.2199,0.0000,0.0000
0,2312,0.3647,-1379.2727,0.0000,0.0000
0,2313,0.3646,-1383.3075,0.0000,0.0000
0,2314,0.3644,-1387.3245,0.0000,0.0000
0,2315,0.3643,-1391.3234,0.0000,0.0000
0,2316,0.3642,-1395.3043,0.0000,0.0000
0,2317,0.3640,-1399.2672,0.0000,0.0000
0,2318,0.3639,-1403.2119,0.0000,0.0000
0,2319,0.3637,-1407.1384,0.0000,0.0000
0,2320,0.3636,-1411.0466,0.0000,0.0000
0,2321,0.3634,-1414.9366,0.0000,0.0000
0,2322,0.3633,-1418.8082,0.0000,0.0000
0,2323,0.3632,-1422.6619,0.0000,0.0000
0,2324,0.3630,-1426.4983,0.0000,0.0000
0,2325,0.3629,-1430.3173,0.0000,0.0000
0,2326,0.3627,-1434.1190,0.0000,0.0000
0,2327,0.3626,-1437.9033,0.0000,0.0000
0,2328,0.3624,-1441.6701,0.0000,0.0000
0,2329,0.3623,-1445.4194,0.0000,0.0000
0,2330,0.3622,-1449.1512,0.0000,0.0000
0,2331,0.3620,-1452.8654,0.0000,0.0000
0,2332,0.3619,-1456.5620,0.0000,0.0000
0,2333,0.3617,-1460.2409,0.0000,0.0000
0,2334,0.3616,-1463.9021,0.0000,0.0000
0,2335,0.3614,-1467.5456,0.0000,0.0000
0,2336,0.3613,-1471.1713,0.0000,0.0000
0,2337,0.3611,-1474.7800,0.0000,0.0000
0,2338,0.3610,-1478.3719,0.0000,0.0000
0,2339,0.3608,-1481.9471,0.0000,0.0000
0,2340,0.3607,-1485.5053,0.0000,0.0000
0,2341,0.3605,-1489.0467,0.0000,0.0000
0,2342,0.3604,-1492.5712,0.0000,0.0000
0,2343,0.3602,-1496.0787,0.0000,0.0000
0,2344,0.3601,-1499.5692,0.0000,0.0000
0,2345,0.3599,-1503.0426,0.0000,0.0000
0,2346,0.3598,-1506.4990,0.0000,0.0000
0,2347,0.3596,-1509.9383,0.0000,0.0000
0,2348,0.3595,-1513.3604,0.0000,0.0000
0,2349,0.3593,-1516.7654,0.0000,0.0000
0,2350,0.3592,-1520.1538,0.0000,0.0000
0,2351,0.3590,-1523.5261,0.0000,0.0000
0,2352,0.3589,-1526.8821,0.0000,0.0000
0,2353,0.3587,-1530.2218,0.0000,0.0000
0,2354,0.3586,-1533.5453,0.0000,0.0000
0,2355,0.3584,-1536.8524,0.0000,0.0000
0,2356,0.3583,-1540.1432,0.0000,0.0000
0,2357,0.3581,-1543.4175,0.0000,0.0000
0,2358,0.3580,-1546.6755,0.0000,0.0000
0,2359,0.3578,-1549.9169,0.0000,0.0000
0,2360,0.3577,-1553.1418,0.0000,0.0000
0,2361,0.3575,-1556.3502,0.0000,0.0000
0,2362,0.3573,-1559.5423,0.0000,0.0000
0,2363,0.3572,-1562.7186,0.0000,0.0000
0,2364,0.3570,-1565.8792,0.0000,0.0000
0,2365,0.3569,-1569.0242,0.0000,0.0000
0,2366,0.3567,-1572.1536,0.0000,0.0000
0,2367,0.3566,-1575.2672,0.0000,0.0000
0,2368,0.3564,-1578.3651,0.0000,0.0000
0,2369,0.3562,-1581.4472,0.0000,0.0000
0,2370,0.3561,-1584.5136,0.0000,0.0000
0,2371,0.3559,-1587.5641,0.0000,0.0000
0,2372,0.3558,-1590.5987,0.0000,0.0000
0,2373,0.3556,-1593.6175,0.0000,0.0000
0,2374,0.3554,-1596.6204,0.0000,0.0000
0,2375,0.3553,-1599.6079,0.0000,0.0000
0,2376,0.3551,-1602.5804,0.0000,0.0000
0,2377,0.3550,-1605.5379,0.0000,0.0000
0,2378,0.3548,-1608.4803,0.0000,0.0000
0,2379,0.3546,-1611.4077,0.0000,0.0000
0,2380,0.3545,-1614.3199,0.0000,0.0000
0,2381,0.3543,-1617.2171,0.0000,0.0000
0,2382,0.3542,-1620.0990,0.0000,0.0000
0,2383,0.3540,-1622.9658,0.0000,0.0000
0,2384,0.3538,-1625.8173,0.0000,0.0000
0,2385,0.3537,-1628.6536,0.0000,0.0000
0,2386,0.3535,-1631.4747,0.0000,0.0000
