0.0 0.0 0.01585 0.009179823890830732
0.0047388251671343605 8.673617379884035e-19 0.0029500000000014528 0.001731810228249508
0.009477650334259327 3.993319374990566e-17 0.0029500000000058655 0.0017318102282520913
0.01421647550136518 1.6112412591433336e-16 0.0029500000000133963 0.0017318102282565004
0.01895530066844149 4.077601510039764e-16 0.0029500000000243203 0.001731810228262895
0.02369412583547677 8.290467150275204e-16 0.0029500000000390303 0.0017318102282715066
0.02843295100245806 1.4796692313777467e-15 0.0029500000000580572 0.001731810228282646
0.03317177616937041 2.4231085465976448e-15 0.0029500000000820936 0.001731810228296717
0.03791060133619644 3.732391298792388e-15 0.0029500000001120015 0.0017318102283142261
0.04264942650291558 5.496882524638129e-15 0.0029500000001488696 0.001731810228335809
0.047388251669503445 7.819244929903183e-15 0.0029500000001940275 0.0017318102283622459
0.052127076835930854 1.0823588046463354e-14 0.00295000000024911 0.0017318102283944928
0.056865902002162814 1.465853816207366e-14 0.002950000000316111 0.001731810228433717
0.06160472716815743 1.950201651908043e-14 0.0029500000003974485 0.0017318102284813338
0.06634355233386392 2.557003336304827e-14 0.0029500000004960714 0.0017318102285390701
0.07108237749922149 3.312041594726202e-14 0.002950000000615535 0.0017318102286090064
0.07582120266415623 4.246824306810136e-14 0.002950000000760171 0.001731810228693681
0.08056002782857938 5.3990596708985e-14 0.002950000000935207 0.0017318102287961514
0.08529885299238335 6.814431095954122e-14 0.002950000001146978 0.001731810228920127
0.09003767815543826 8.548164358662455e-14 0.0029500000014031475 0.0017318102290700952
0.09477650331758752 1.0666991425030441e-13 0.0029500000017129643 0.0017318102292514699
0.09951532847864085 1.3251718956173212e-13 0.0029500000020876655 0.001731810229470829
0.10425415363836975 1.6399406366926022e-13 0.0029500000025407622 0.0017318102297360827
0.10899297879649608 2.022862726891493e-13 0.0029500000030887002 0.001731810230056859
0.11373180395268498 2.4881851889182537e-13 0.002950000003751287 0.0017318102304447528
0.11847062910653082 3.0531893285708566e-13 0.0029500000045525176 0.0017318102309138114
0.12320945425754308 3.738776229023335e-13 0.0029500000055214266 0.0017318102314810328
0.12794827940513026 4.57017742216766e-13 0.002950000006693025 0.0017318102321669125
0.1326871045485735 5.578091570069138e-13 0.0029500000081098877 0.0017318102329963736
0.1374259296870083 6.799441406033929e-13 0.002950000009823223 0.0017318102339993944
0.14216475481938304 8.279263531106697e-13 0.0029500000118953726 0.0017318102352124683
0.14690357994443018 1.007195840537876e-12 0.0029500000144015107 0.0017318102366796033
0.15164240506061452 1.2243548388953587e-12 0.002950000017432768 0.0017318102384541443
0.15638123016607663 1.4874313167945097e-12 0.0029500000210996363 0.001731810240600769
0.16112005525857437 1.8061436193837265e-12 0.002950000025535512 0.0017318102431975618
0.16585888033537788 2.192391900671352e-12 0.0029500000309031077 0.0017318102463397627
0.17059770539320016 2.6606010777664583e-12 0.0029500000373987264 0.0017318102501422698
0.175336530428037 3.2285053805079866e-12 0.002950000045262187 0.001731810254745441
0.18007535543504957 3.917763203482727e-12 0.0029500000547842678 0.001731810260319447
0.18481418040836353 4.75504634983004e-12 0.0029500000663195245 0.0017318102670717654
0.18955300534083436 5.77335898104456e-12 0.0029500000803015748 0.0017318102752561094
0.1942918302238134 7.013510359288023e-12 0.002950000097258894 0.0017318102851816486
0.1990306550467005 8.52692699902367e-12 0.0029500001178450713 0.0017318102972306768
0.20376947979664128 1.0377996965426966e-11 0.002950000142861119 0.0017318103118716143
0.20850830445783253 1.2649194204584506e-11 0.002950000173305623 0.0017318103296882527
0.2132471290109437 1.544631151786683e-11 0.0029500002104204245 0.0017318103514063527
0.21798595343216684 1.8907295562909747e-11 0.002950000255766681 0.0017318103779379141
0.22272477769197868 2.3215091085042524e-11 0.002950000311329462 0.0017318104104420001
0.22746360175384084 2.8613497697406758e-11 0.0029500003796371576 0.0017318104503941012
0.23220242557158247 3.543905026008514e-11 0.0029500004640017692 0.0017318104997256752
0.23694124908724712 4.4154276804391125e-11 0.002950000568745096 0.0017318105609552658
0.2416800722263944 5.541740317476243e-11 0.0029500006996802147 0.0017318106374676684
0.24641889489310595 7.016906149055416e-11 0.0029500008646733407 0.0017318107338392596
0.2511577169618177 8.97795009619882e-11 0.002950001074582337 0.0017318108563811705
0.25589653826494013 1.1628737063247804e-10 0.0029500013447365443 0.0017318110139950928
0.2606353585779316 1.5271822231409897e-10 0.002950001696831584 0.0017318112192679005
0.265374177588107 2.0375548746724358e-10 0.0029500021628978672 0.0017318114907638315
0.270112994861915 2.765268318188547e-10 0.002950002789764388 0.0017318118556004984
0.27485180977626544 3.8222848079878855e-10 0.002950003648376968 0.001731812354830742
0.27959062142921476 5.382726965257179e-10 0.002950004846283248 0.0017318130506665224
0.2843294284918315 7.715741573326063e-10 0.0029500065481356005 0.0017318140383924207
0.2890682289641818 1.1228969724586375e-09 0.00295000900811566 0.0017318154653632495
0.29380701987542984 1.6491688321431896e-09 0.002950012605176205 0.001731817552049299
0.2985457967006846 2.4211424232155408e-09 0.002950017897430103 0.0017318206252555414
0.30328455288509154 3.5050255012241107e-09 0.0029500256273553944 0.0017318251231697305
0.30802327918715705 4.928982576981281e-09 0.0029500366761250844 0.0017318315694615828
0.31276196350358737 6.663685690800394e-09 0.0029500519233069213 0.0017318404867654744
0.3175005911142514 8.648555995519001e-09 0.0029500721143743813 0.0017318523133939493
0.32223914512641305 1.0841116046797437e-08 0.0029500978417869033 0.0017318673929536874
0.32697760693100525 1.323758012416013e-08 0.0029501296371689805 0.0017318860328218691
0.3317159561053634 1.5869669967363308e-08 0.0029501680746435222 0.0017319085666722383
0.3364541702759773 1.8791963844984205e-08 0.0029502138422352925 0.0017319353960365618
0.34119222456357845 2.2077088215253784e-08 0.002950267799910882 0.001731967023789712
0.3459300910108342 2.581386681538393e-08 0.0029503310205921587 0.0017320040778425092
0.3506677378651247 3.010779015047956e-08 0.002950404831126873 0.0017320473350336196
0.35540512853117734 3.5083161093982937e-08 0.002950490868399915 0.0017320977539894908
0.36014222080650155 4.0884083670766576e-08 0.002950591112710989 0.0017321564946746718
0.36487896521521496 4.7678495866306276e-08 0.0029507079711873756 0.0017322249672654393
0.36961530404286536 5.566004407255605e-08 0.002950844316362643 0.0017323048547206513
0.3743511693823072 6.50531826192472e-08 0.0029510035784680463 0.001732398166829049
0.3790864813300475 7.611825325116127e-08 0.0029511898273647157 0.0017325072881725252
0.38382114601336126 8.915712635193575e-08 0.002951407863423162 0.0017326350313476896
0.3885550523687818 1.0452316066570663e-07 0.0029516633733767113 0.0017327847282462498
0.39328807020773254 1.226272210432243e-07 0.002951963020865459 0.001732960283092945
0.3980200453877447 1.4395233117575555e-07 0.002952314685668735 0.001733166312610871
0.40275079700422306 1.690630251669901e-07 0.0029527276016092234 0.001733408226800867
0.4074801119390076 1.9862145956263545e-07 0.0029532126293314157 0.0017336923887976115
0.4122077392017504 2.334057162850843e-07 0.002953782540366059 0.0017340262812848056
0.41693338465097757 2.7432435349434775e-07 0.002954452282908896 0.001734418662303884
0.42165670062241395 3.224493550223209e-07 0.0029552395036477465 0.0017348798709713943
0.4263772805122786 3.790310512379136e-07 0.0029561648205808535 0.001735421987410503
0.4310946449258525 4.455361064414137e-07 0.002957252518229991 0.0017360592402663826
0.435808231932844 5.23679615358863e-07 0.0029585310354268888 0.0017368082924443587
0.44051738276247077 6.154580331216428e-07 0.0029600336795924114 0.0017376886600673949
0.44522132247134055 7.232111734559361e-07 0.002961799587202984 0.0017387232751802757
0.4499191470227879 8.496505914963896e-07 0.0029638743610424815 0.0017399388596323858
0.4546097919712082 9.979278667923122e-07 0.0029663116086197806 0.0017413668276348847
0.45929201580329754 1.1716921902159858e-06 0.002969173743499333 0.0017430437551675306
0.46396436760390003 1.3751272399389754e-06 0.0029725335388249264 0.001745012292765741
0.4686251501905726 1.613067417767533e-06 0.0029764758649729792 0.001747322183864009
0.4732723941437029 1.891011556873981e-06 0.0029810988682653565 0.001750030958329447
0.4779037981970767 2.2151536809887713e-06 0.0029865166767320105 0.001753205524143448
0.482516697468278 2.5924907688211338e-06 0.002992860700546268 0.0017569229299744602
0.4871079029708672 2.929864540792346e-06 0.002949433413431594 0.0017319130353461415
0.4916740544233009 3.420449015009892e-06 0.0029579577255812593 0.0017369101843402637
0.4962109705494413 3.986771334969755e-06 0.002967903148078403 0.0017427407542387509
0.5007139847259323 4.637681697466278e-06 0.00297948632642406 0.001749531940999208
0.5051777674149858 5.382233862732053e-06 0.002992949758844498 0.0017574261711903064
0.5095960736841593 6.018174736129159e-06 0.0029566965048248377 0.0017366378148046923
0.5139626075486678 6.941940415277189e-06 0.0029744341902676543 0.00174704397736681
0.5182696681958204 7.975557100666126e-06 0.0029948716543781776 0.0017590356234390518
0.5225086527973432 8.80601240076285e-06 0.002965383932263648 0.0017422362039605642
0.5266712510637361 1.0014320626245859e-05 0.0029917090035337917 0.0017576927106611724
0.5307471170797299 1.0918597298794536e-05 0.0029676769473245207 0.0017441175241627994
0.5347264734990066 1.1807748007225084e-05 0.0029463121570199534 0.0017321252710730385
0.5385993722716098 1.3127315649802911e-05 0.0029828628707271885 0.0017536142406156755
0.5423541802299688 1.3923181201498839e-05 0.002967574816628091 0.0017452264804858645
0.5459808902118984 1.4587080609081694e-05 0.0029548534528323267 0.001738371567060836
0.5494694151573303 1.5069545759823172e-05 0.0029444512527081407 0.001732906942043027
0.5528110384652987 1.5932995451461525e-05 0.0029947278097340216 0.0017625284688751236
0.5559959465003586 1.591256547232529e-05 0.0029888508389004256 0.0017597764969044078
0.559017574583386 1.5548556320944736e-05 0.0029839680692154936 0.0017576413942042915
0.5618700260274969 1.4800664710238507e-05 0.002979417095386186 0.0017557338220541678
0.56454888327663 1.3634621832323521e-05 0.00297446573711556 0.0017536227042501734
0.5670511335250125 1.203290846570399e-05 0.002968346592534486 0.0017508549737354456
0.5693753050758449 9.986596269953616e-06 0.0029602711790675915 0.0017469644658905284
0.5715211711552154 7.500219596277603e-06 0.002949471719776369 0.001741496382518734
0.57348961367944 4.591171506183402e-06 0.002935224690627722 0.0017340212758605092
0.5752825129795677 1.3493150525202183e-06 0.0029863711656938807 0.0017643179521930987
0.5769020663114345 2.487022516975811e-06 0.0029644792810937922 0.0017523671969319333
0.578351521444427 6.659049118907752e-06 0.002937360806246289 0.0017373494210729196
0.5796334990749991 1.167727901671864e-05 0.0029773177227308293 0.0017610607372030272
0.5807524022487169 1.6622274707664495e-05 0.0029395784629587074 0.0017397904070009594
0.5817100065640666 2.2889184559925116e-05 0.0029700091738680415 0.0017578768531834265
0.582509938771792 2.9948831081787772e-05 0.0029954947465390806 0.0017730394639714768
0.5831570145371169 3.598925541445498e-05 0.0029401823698556456 0.0017413942376377214
0.5836499664740504 4.4323832061463806e-05 0.0029543936867977754 0.0017498907863885147
0.5839922258261605 5.3516678055058255e-05 0.0029629326665756026 0.0017550339494709763
0.5841850615461596 6.361416532824291e-05 0.002965651427686525 0.0017567379584197305
0.5842292692492637 7.467230358565268e-05 0.002962473662206592 0.0017549596630997537
0.5841250354839053 8.673538453536995e-05 0.0029533914944169454 0.0017496973158987706
0.5838719296421022 9.984874070402383e-05 0.0029384649093152472 0.0017409899241450188
0.5834689556205175 0.00011401564150628273 0.002917823196513196 0.0017289189400482058
0.5829146409484067 0.00012928283954023197 0.0028916647812633014 0.0017136063421780098
0.5822069591425224 0.00014570003246055393 0.0028602538809399834 0.001695213480656898
0.5813433287761172 0.0001633077101134571 0.0028239181667800645 0.0016739398372287312
0.5803209435253364 0.00018208559969160244 0.0027830514110256444 0.0016500249948846618
0.5791366018213753 0.00020206666441248872 0.0027381061200949745 0.0016237429329511656
0.5777870781487964 0.0002231996078108133 0.0026895910119608887 0.001595401396133167
0.5762690270267906 0.00024539848176701785 0.0026380636428287403 0.0015653364854079732
0.5745793189093062 0.00026862317168465256 0.002584123034709759 0.0015339086469492247
0.5727152283906471 0.0002927885368122118 0.0025283973914194155 0.0015014953030420928
0.5706745891826183 0.0003177497194905621 0.002471531078634102 0.001468482051714081
0.5684560109553629 0.00034331796048135346 0.0024141693894458452 0.0014352532336479173
0.5660590954748729 0.00036925226990777265 0.0023569408382869777 0.0014021806951192697
0.563484640045183 0.00039527339533877243 0.002300438108462468 0.001369613132333963
0.5607348168687567 0.00042115992117512576 0.0022452016764784094 0.0013378693060820013
0.5578131827506357 0.00044663855084434894 0.0021917049174921687 0.0013072238767758042
0.5547247818983971 0.0004714301277976809 0.0021403367667510304 0.0012779007777210226
0.5514760593935275 0.000495285122677943 0.002091397993239348 0.0012500699643278727
0.5480747627252708 0.000517988732861403 0.002045094459708713 0.0012238465536959994
0.5445297248974101 0.0005393479689266744 0.0020015402768382836 0.0011992891849923009
0.5408506315116525 0.0005592254178436467 0.001960765550559703 0.00117640732874676
0.5370477428625019 0.0005775357277052683 0.0019227267040894398 0.0011551684942250548
0.5331316049436479 0.000594239689758858 0.001887320117887517 0.001135505663323276
0.5291127796233855 0.0006093420772954186 0.0018543967757464314 0.0011173259932384225
0.5250016057028974 0.0006228859363391284 0.0018237765498483813 0.0011005193174335518
0.5208080022041633 0.0006349443532049298 0.0017952611356757387 0.0010849657329861874
0.5165413178994418 0.0006456098068739159 0.0017686449899505814 0.0010705419047119013
0.5122102243609542 0.0006549843892809482 0.0017437240174984687 0.0010571259845539212
0.5078226655741904 0.0006631816925148195 0.00172030199305288 0.0010446012872848502
0.5033858372243325 0.0006703206815755708 0.001698194893088432 0.001032858724217452
0.4989061925916459 0.0006765171991752806 0.0016772335005809835 0.0010217981427507797
0.4943894612666158 0.000681875269199042 0.0016572647451419046 0.0010113290298135937
0.4898407025467019 0.0006864959218599446 0.0016381518865706602 0.0010013706862945825
0.4852643587845473 0.0006904740436454715 0.001619774018757937 0.000991851772477585
0.4806643026896197 0.0006938907839308476 0.0016020252232746598 0.0009827097315487589
0.4760439004123963 0.0006968208210381532 0.0015848133272506764 0.0009738901975215161
0.4714060698122794 0.0006993319174891002 0.0015680585492665292 0.0009653460681406279
0.46675332537451003 0.0007014802909165416 0.0015516922392804964 0.0009570367640932266
0.4620878344028877 0.0007033176038307009 0.001535655494326318 0.0009489274975608527
0.4574114597855991 0.0007048885465064015 0.0015198979474237216 0.000940988455084425
0.4527257967973771 0.0007062303695599066 0.0015043766756833183 0.0009331942299294807
0.44803221396787996 0.0007073770197090327 0.0014890551356777557 0.0009255231795909005
0.44333188011382935 0.0007083562739418485 0.0014739023127945197 0.0009179568997726886
0.43862579456416684 0.0007091929153347157 0.0014588919004461104 0.0009104797951789816
0.43391481080349603 0.0007099081519537773 0.001444001614907393 0.0009030786263182972
0.4291996557723552 0.0007105195277337974 0.0014292126139695057 0.0008957422041953868
0.4244809502571316 0.0007110428126334827 0.0014145089584992614 0.0008884610603068022
0.4197592221985259 0.0007114907640722925 0.00139987719572453 0.0008812271972474317
0.4150349217128319 0.0007118748076416832 0.0013853059628480312 0.0008740338723535845
0.4103084318110726 0.0007122044398855517 0.0013707856731654782 0.0008668753915016884
0.40558007818861375 0.0007124877647870878 0.0013563082429332875 0.0008597469680449217
0.40085013822923443 0.0007127318932970191 0.0013418668525727398 0.0008526445684364222
0.3961188472585861 0.0007129425458301616 0.0013274557593013884 0.0008455648070885543
0.3913864056346402 0.0007131248842520846 0.001313070120812759 0.0008385048430144076
0.38665298333010656 0.000713283099303168 0.001298705861605369 0.0008314622958575198
0.3819187247819766 0.000713420883326334 0.0012843595506785317 0.0008244351803604171
0.37718375264143383 0.0007135413464279497 0.0012700283026553939 0.0008174218407038944
0.37244817089954907 0.0007136470774061587 0.001255709695784071 0.0008104209075875949
0.36771206798437983 0.0007137403607238634 0.0012414016989814858 0.0008034312514984792
0.36297551885117113 0.0007138230180719684 0.0012271026163185594 0.0007964519508722835
0.35823858735323966 0.00071389667142219 0.0012128110344884612 0.0007894822616302186
0.3535013278581859 0.0007139626225604174 0.0011985257826855143 0.0007825215913877718
0.348763786885044 0.0007140219851287295 0.0011842458959626131 0.0007755694800433455
0.34402600444927056 0.000714075680753487 0.0011699705841268643 0.0007686255788351627
0.33928801515142615 0.000714124440555278 0.0011556992054557408 0.0007616896363505637
0.33454984926366615 0.0007141688870748439 0.0011414312417183377 0.0007547614824369173
0.32981153347737296 0.0007142094933648579 0.0011271662778657911 0.0007478410161566341
0.32507309167391873 0.0007142466591905923 0.0011129039811010749 0.0007409281931141004
0.32033454543859063 0.0007142806955007282 0.0010986440804003294 0.0007340230116290343
0.31559591445849455 0.0007143118743130805 0.0010843863404724965 0.0007271254956088114
0.31085721667529737 0.0007143404653983498 0.0010701305277903755 0.0007202356709874268
0.3061184680940775 0.0007143667737351244 0.0010558763746869346 0.0007133535421652436
0.3013796824073458 0.0007143911928649502 0.0010416235671089336 0.0007064790884926096
0.2966408705379913 0.0007144141406195538 0.0010273717738915594 0.0006996122892669542
0.291902040649067 0.0007144360324049694 0.0010131206971117919 0.0006927531585378842
0.28716319847763916 0.0007144571943698683 0.0009988701040232737 0.0006859017636589604
0.2824243479148061 0.0007144778676877533 0.0009846198299664228 0.0006790582257145898
0.2776854915627213 0.0007144982198381524 0.0009703697649128974 0.0006722227091851184
0.27294663114592 0.0007145183552578503 0.0009561198376253157 0.0006653954124285407
0.26820776782820654 0.0007145383464115959 0.0009418700021785312 0.0006585765593445797
0.263468902398423 0.0007145582379075651 0.0009276202289910477 0.0006517663942917515
0.25873003540447587 0.0007145780606826784 0.0009133704987369561 0.0006449651788678018
0.2539911672322065 0.0007145978347841926 0.0008991207986339862 0.0006381731900596256
0.24925229815854846 0.0007146175739169101 0.0008848711200921498 0.0006313907194199741
0.24451342838642248 0.0007146372877708288 0.0008706214572305009 0.0006246180726903341
0.2397745580661937 0.0007146569827661078 0.0008563718059647594 0.0006178555698902554
0.235035687311906 0.0007146766637853865 0.0008421221633982852 0.0006111035455942541
0.2302968162107634 0.0007146963341889986 0.0008278725274479773 0.0006043623494099828
0.22555794483063885 0.0007147159965819616 0.0008136228965872287 0.0005976323465727018
0.22081907322483002 0.0007147356528714335 0.0007993732696807198 0.0005909139186365655
0.21608020143559106 0.000714755304516487 0.0007851236458724613 0.0005842074642573387
0.21134132949677373 0.0007147749526767288 0.0007708740245078525 0.0005775134000405297
0.20660245743555627 0.0007147945982080578 0.0007566244050819111 0.000570832161467179
0.20186358527399667 0.0007148142418290246 0.0007423747872004286 0.0005641642038835349
0.19712471302999315 0.0007148338840836699 0.0007281251705539124 0.0005575100035632128
0.19238584071816933 0.0007148535254280871 0.0007138755548974791 0.000550870058840057
0.18764696835048972 0.0007148731662226144 0.0006996259400364041 0.0005442448913154263
0.18290809593675958 0.0007148928067589793 0.0006853763258153295 0.0005376350471452442
0.1781692234850491 0.0007149124472823149 0.0006711267121097117 0.0005310410984087217
0.17343035100198173 0.0007149320879815208 0.0006568770988196628 0.0005244636445663258
0.16869147849302585 0.0007149517290208501 0.000642627485864751 0.0005179033140103625
0.16395260596268185 0.000714971370528587 0.0006283778731802222 0.0005113607657155151
0.15921373341466644 0.0007149910126144496 0.0006141282607138457 0.0005048366909950259
0.15447486085204765 0.0007150106553672411 0.0005998786484234549 0.0004983318153694252
0.14973598827735657 0.0007150302988594363 0.0005856290362750288 0.0004918469005554262
0.14499711569268786 0.0007150499431529261 0.0005713794242410651 0.0004853827465821258
0.1402582430997681 0.0007150695882958341 0.0005571298122993763 0.00047894019404325577
0.13551937050002735 0.0007150892343302891 0.000542880200432028 0.0004725201264935881
0.1307804978946458 0.0007151088812894231 0.0005286305886245454 0.0004661234729988617
0.12604162528459995 0.00071512852920161 0.0005143809768652438 0.00045975121084852055
0.12130275267069737 0.0007151481780900073 0.0005001313651446891 0.00045340436844113006
0.11656388005360496 0.000715167827973426 0.00048588175345527784 0.00044708402835277655
0.11182500743387527 0.0007151874788680231 0.00047163214179087346 0.0004407913305988445
0.10708613481196409 0.0007152071307863669 0.0004573825301465367 0.00043452747610010187
0.10234726218824923 0.0007152267837394583 0.00044313291851828704 0.0004282937303639192
0.09760838956304263 0.0007152464377359638 0.00042888330690292193 0.0004220914273917079
0.09286951693660245 0.0007152660927832694 0.0004146336952978669 0.0004159219738234452
0.08813064430914237 0.0007152857488874338 0.00040038408370105145 0.00040978685332991805
0.08339177168083889 0.000715305406053331 0.0003861344721108152 0.0004036876312628425
0.0786528990518383 0.0007153250642851535 0.00037188486052582487 0.00039762595957216763
0.07391402642226137 0.0007153447235861486 0.0003576352489450133 0.00039160358199882747
0.06917515379220826 0.0007153643839591493 0.0003433856373675258 0.0003856223395495898
0.06443628116176178 0.0007153840454063729 0.00032913602579267935 0.0003796841762586633
0.05969740853099052 0.0007154037079296924 0.00031488641421992903 0.0003737911452380467
0.054958535899951456 0.0007154233715306381 0.0003006368026488403 0.00036794541501525285
0.050219663268691685 0.0007154430362104124 0.0002863871910790678 0.0003621492761528377
0.04548079063725047 0.0007154627019700428 0.0002721375795103372 0.0003564051481389451
0.04074191800566042 0.0007154823688103044 0.0002578879679424318 0.0003507155865317316
0.036003045373948814 0.0007155020367318564 0.00024363835637518052 0.00034508329033280905
0.03126417274213852 0.0007155217057351936 0.00022938874480844885 0.0003395111095556009
0.026525300110248822 0.0007155413758207109 0.000215139133242132 0.0003340020529434877
0.02178642747829617 0.0007155610469887086 0.0002008895216761484 0.0003285592957796243
0.0170475548462947 0.00071558071923939 0.00018663991011043553 0.00032318618771510924
0.012308682214256803 0.0007156003925729021 0.0001723902985449457 0.00031788626052455324
0.007569809582193536 0.0007156200669893157 0.00015814068697964334 0.0003126632356778458
0.002830936950115054 0.0007156397424886525 0.0001438910754145022 0.0003075210315938838
-0.0019079356819690439 0.0007156594190708774 0.00012964146384950343 0.00030246377041613507
-0.006646808314049362 0.0007156790967359036 0.00011539185228463401 0.000297495784121158
-0.011385680946116365 0.0007156987754835931 0.00010114224071988505 0.00029262161973975237
-0.01612455357816004 0.0007157184553137569 8.689262915525045e-05 0.0002878460434366025
-0.020863426210169532 0.0007157381362261438 7.264301759072566e-05 0.0002831740431586908
-0.025602298842132738 0.0007157578182204486 5.8393406026306294e-05 0.00027861082952629384
-0.0303411714740359 0.0007157775012962843 4.414379446198665e-05 0.0002741618346042953
-0.03508004410586306 0.0007157971854531934 2.9894182897757895e-05 0.00026983270815758115
-0.03981891673759554 0.0007158168706906169 1.564457133360621e-05 0.0002656293109646304
-0.044557789369211245 0.0007158365570078761 1.3949597695099236e-06 0.00026155770474084765
-0.04929666200068381 0.0007158562444041872 -1.285465179456341e-05 0.0002576241382110166
-0.05403553463198174 0.0007158759328785703 -2.7104263358661295e-05 0.00025383502887230775
-0.058774407263067194 0.0007158956224299025 -4.135387492285147e-05 0.0002501969400098178
-0.06351327989389464 0.0007159153130567795 -5.560348648722828e-05 0.0002467165525700736
-0.06825215252440928 0.0007159350047575657 -6.985309805192171e-05 0.0002434006315687318
-0.07299102515454488 0.0007159546975302741 -8.410270961710726e-05 0.00024025598681068835
-0.07772989778422168 0.0007159743913724748 -9.835232118302058e-05 0.0002372894278368906
-0.0824687704133431 0.0007159940862813717 -0.00011260193274997409 0.00023450771318352383
-0.08720764304179271 0.0007160137822534374 -0.00012685154431837903 0.0002319174942448178
-0.09194651566942952 0.000716033479284608 -0.0001411011558887741 0.00022952525426646347
-0.09668538829608334 0.0007160531773697852 -0.00015535076746185859 0.00022733724325486266
-0.10142426092154833 0.00071607287650297 -0.00016960037903853933 0.0002253594098568987
-0.10616313354557558 0.0007160925766768842 -0.00018384999061998302 0.00022359733153034706
-0.11090200616786458 0.0007161122778825468 -0.0001980996022076889 0.00022205614456834497
-0.1156408787880511 0.0007161319801096144 -0.00021234921380357524 0.00022074047574214956
-0.12037975140569561 0.0007161516833449627 -0.00022659882541008758 0.00021965437746420866
-0.12511862402026586 0.0007161713875734381 -0.0002408484370303417 0.00021880126842970375
-0.12985749663111867 0.0007161910927759906 -0.000255098048668287 0.0002181838816544121
-0.13459636923747625 0.0007162107989300726 -0.00026934766032893294 0.00021780422168226363
-0.13933524183839713 0.0007162305060084139 -0.00028359727201860693 0.00021766353248689065
-0.1440741144327443 0.0007162502139771696 -0.00029784688374529834 0.00021776227724768535
-0.14881298701913917 0.0007162699227973112 -0.0003120964955190817 0.00021810013076005688
-0.1535518595959171 0.0007162896324191843 -0.0003263461073526276 0.00021867598476818075
-0.15829073216106043 0.0007163093427852637 -0.0003405957192618895 0.00021948796601760842
-0.16302960471212885 0.0007163290538232087 -0.00035484533126688676 0.0002205334663476126
-0.1677684772461681 0.0007163487654466897 -0.0003690949433927846 0.00022180918371196426
-0.1725073497595955 0.0007163684775515712 -0.00038334455567115425 0.00022331117265720707
-0.17724622224807718 0.0007163881900074771 -0.000397594168141625 0.00022503490252184173
-0.18198509470634447 0.0007164079026632799 -0.0004118437808539956 0.00022697532145580086
-0.1867239671280151 0.0007164276153252058 -0.00042609339387078457 0.00022912692430222
-0.19146283950532292 0.00071644732776648 -0.00044034300727076 0.00023148382242334074
-0.1962017118288247 0.0007164670396993117 -0.00045459262115310993 0.00023403981367663991
-0.2009405840870162 0.0007164867507734228 -0.0004688422356433243 0.00023678845094024482
-0.2056794562658258 0.000716506460561212 -0.0004830918509005455 0.00023972310782102515
-0.21041832834805496 0.0007165261685132003 -0.0004973414671275271 0.00024283704044627708
-0.21515720031251365 0.000716545873974293 -0.0005115910845844627 0.0002461234445045115
-0.21989607213310292 0.0007165655760755174 -0.0005258407036069357 0.00024957550696770906
-0.2246349437773974 0.000716585273754378 -0.000540090324632775 0.00025318645216445684
-0.2293738152049259 0.0007166049655969024 -0.000554339948237729 0.000256949582084189
-0.23411268636479762 0.000716624649767396 -0.000568589575189731 0.0002608583109800128
-0.2388515571922377 0.0007166443238748954 -0.0005828392065264445 0.00026490619446064965
-0.24359042760427893 0.0007166639845861484 -0.0005970888436705001 0.00026908695340704627
-0.2483292974926658 0.0007166836275438861 -0.0006113384886090494 0.000273394493078922
-0.2530681667149299 0.0007167032463827401 -0.0006255881441556976 0.00027782291788733217
-0.2578070350798175 0.0007167228324258629 -0.0006398378143787572 0.00028236654229715183
-0.26254590232668745 0.0007167423727925808 -0.0006540875052431334 0.0002870198983406971
-0.26728476809440493 0.0007167618486114927 -0.000668337225662622 0.00029177774034726256
-0.2720236318708519 0.0007167812323795938 -0.0006825869891690016 0.00029663504721632146
-0.27676249292186383 0.0007168004810427497 -0.0006968368165629352 0.000301587023173036
-0.28150135016754224 0.0007168195316311168 -0.000711086740286391 0.0003066290970909527
-0.28624020200858247 0.0007168382831552223 -0.0007253368109119802 0.0003117569216540507
-0.2909790460416124 0.0007168565877171165 -0.0007395871070298844 0.0003169663725347297
-0.29571787865942833 0.0007168742213029495 -0.0007538377471333225 0.00032225354728490483
-0.30045669453288065 0.0007168908698405998 -0.0007680889004208954 0.0003276147639078957
-0.30519548599653634 0.0007169061505767447 -0.0007823407864884967 0.00033304655212984817
-0.3099342426792018 0.0007169196244391546 -0.0007965936536516498 0.00033854563681690535
-0.3146729514008899 0.0007169309040293958 -0.0008108477421591286 0.00034410891398572064
-0.3194115965739531 0.0007169396533805043 -0.0008251032603168254 0.0003497334328657277
-0.3241501606170477 0.0007169456014756636 -0.0008393603911297381 0.0003554163918718282
-0.32888862418272163 0.0007169484809086046 -0.0008536193183782757 0.00036115514249936045
-0.33362696608378134 0.0007169479839185581 -0.0008678802526368235 0.0003669471930633252
-0.33836516291102914 0.0007169437491571242 -0.0008821434517806311 0.000372790209150646
-0.34310318856645183 0.000716935304638193 -0.0008964092372558059 0.0003786820145523553
-0.34784101352425856 0.0007169220904461169 -0.0009106780107991351 0.00038462059008623504
-0.3525786040830607 0.000716903384405272 -0.0009249502707250693 0.00039060407497594604
-0.35731592136679013 0.0007168783300613496 -0.0009392266320418891 0.0003966307688613291
-0.3620529201954851 0.0007168458768029742 -0.0009535078476864359 0.0004026991339730541
-0.36678954785882745 0.0007168047375103513 -0.0009677948337144578 0.00040880780248264253
-0.3715257424289066 0.0007167534433940692 -0.0009820886992627932 0.0004149555801009077
-0.3762614312483953 0.0007166901606053174 -0.0009963907789718774 0.000421141459473946
-0.3809965286565694 0.0007166128164933439 -0.0010107026758028209 0.0004273646294785292
-0.3857309338495474 0.0007165188599840801 -0.0010250263062893984 0.00043362449319180073
-0.39046452805939214 0.0007164053577355073 -0.0010393639600891381 0.0004399206891499326
-0.39519717128046633 0.0007162688501377891 -0.0010537183670245643 0.0004462531130512801
-0.3999286988787207 0.0007161051683210907 -0.0010680927778185544 0.0004526219567496862
-0.4046589166350055 0.0007159096537786265 -0.001082491065013308 0.00045902773649351335
-0.4093875963937304 0.0007156765493982403 -0.001096917832229502 0.0004654713510540941
-0.4141144694212464 0.0007153994008220375 -0.0011113785590768346 0.00047195413022603944
-0.418839219891497 0.0007150703630066031 -0.001125879755823339 0.00047847790576216015
-0.4235614767335153 0.0007146803301431762 -0.0011404291606031498 0.0004850450988955974
-0.42828080340367014 0.0007142188209434241 -0.0011550359659974973 0.0004916588005127756
-0.43299668808568975 0.0007136731055476898 -0.0011697110786115148 0.0004983229117946595
-0.437708528822957 0.0007130290280683842 -0.0011844674493646993 0.0005050422490547854
-0.44241562031524967 0.0007122692001629686 -0.0011993204193581882 0.0005118227299992498
-0.44711713522777874 0.0007113740093841547 -0.0012142881692356288 0.0005186715512368083
-0.45181210384025994 0.0007103203207211845 -0.0012293922052574225 0.0005255973922800667
-0.45649939251605265 0.0007090806254029829 -0.0012446579326801572 0.0005326107126676579
-0.4611776728948362 0.0007076246197449334 -0.0012601153490572749 0.0005397239731026751
-0.4658453957536775 0.0007059152400690962 -0.0012757997558680988 0.0005469520398778219
-0.4705007531699156 0.000703911354461591 -0.0012917526587662178 0.0005543125264766471
-0.475141639371803 0.0007015650757225055 -0.0013080226916648244 0.0005618261912563329
-0.47976561091160824 0.0006988201909733372 -0.0013246666488412454 0.0005695174856869975
-0.48436983087412144 0.000695616230947016 -0.0013417506696773583 0.0005774149183353888
-0.48895102367648036 0.0006918814210856767 -0.0013593513126915649 0.0005855516582738163
-0.49350542000375003 0.0006875352722594738 -0.0013775567367413622 0.0005939660710908576
-0.4980286898699925 0.0006824934119423089 -0.0013964678033866168 0.0006027020155750538
-0.502515897428849 0.0006766579324930538 -0.0014161988208589954 0.0006118093609497222
-0.5069614468032457 0.000669923177076972 -0.0014368780564748592 0.0006213441867855675
-0.5113590255687914 0.0006621841919110329 -0.0014586476742871385 0.0006313685582672238
-0.5157015832496639 0.0006533282156068223 -0.0014816626913916595 0.0006419501790726692
-0.5199813209122887 0.0006432391918505583 -0.0015060889104121465 0.0006531614488910669
-0.5241897044188308 0.0006318064957409006 -0.0015320993931975896 0.0006650777946445661
-0.5283175105774465 0.000618934667312086 -0.0015598691613605618 0.0006777752714585447
-0.5323549214374195 0.0006045465092648119 -0.0015895679590757117 0.0006913273682216538
-0.5362916688203413 0.0005885863018165114 -0.0016213510926085307 0.0007058008806681131
-0.5401172216203991 0.0005710279325278968 -0.0016553485058112874 0.0007212510142743802
-0.5438210176256588 0.0005518810760218747 -0.0016916526248736095 0.0007377159496783192
-0.5473927293155258 0.0005311961417103135 -0.0017303058531449144 0.0007552112507429003
-0.5508225458116124 0.0005090711017854017 -0.0017712890573573776 0.0007737248382298566
-0.5541014579948446 0.0004856371056465364 -0.0018145118694758628 0.0007932140320444811
-0.5572215144506425 0.00046104480046211556 -0.0018598055545394725 0.0008136013846001384
-0.560176012724438 0.0004355067928869299 -0.001906921284298909 0.0008347727757763706
-0.5629596561534036 0.0004091993081861121 -0.001955533587659318 0.0008565831348288884
-0.5655685958584116 0.00038236826734119026 -0.0020052451142105027 0.0008788535112836018
-0.5680004627360674 0.0003551629555786924 -0.002055598484787316 0.000901381572939788
-0.570254207542198 0.0003277580741289374 -0.002106091435495343 0.0009239454652233811
-0.5723300022718426 0.000300334431449133 -0.002156189701338531 0.000946309240527758
-0.5742290633218308 0.0002730330744889066 -0.002205342871117114 0.0009682306176231329
-0.5759534421216082 0.00024594105370036534 -0.0022529996196437698 0.000989467930334961
-0.5775058172217202 0.00021908866535829733 -0.0022986209399959885 0.001009785518212968
-0.5788893059808393 0.0001925078097880584 -0.0023416916866257588 0.0010289583731543698
-0.5801072049356196 0.00016624170278425852 -0.0023817310965800823 0.001046777057256503
-0.5811627460701383 0.00014028746104309276 -0.002418299050370558 0.0010630503708986838
-0.5820592176852746 0.00011460935788236163 -0.0024510028582363235 0.0010776080633227681
-0.582799468503379 8.92210646940741e-05 -0.002479499101600909 0.0010903018099957568
-0.583386191080311 6.418679812373518e-05 -0.0025035006398518938 0.0011010080684600023
-0.5838215327358137 3.9925757022391837e-05 -0.0025227739946677634 0.0011096269354991112
-0.584107086194094 1.957163472895958e-05 -0.0025371414765637105 0.0011160832108407389
-0.5842439574152758 2.2527643358523753e-05 -0.0025464844653074687 0.0011203278459961748
-0.5842327148500994 4.4818051917421205e-05 -0.00255074327642556 0.0011223377446003778
-0.5840733096597653 7.03689662419249e-05 -0.0025499160306437707 0.0011221153946780512
-0.5837650755030733 9.709468244216912e-05 -0.0025440588881670205 0.0011196889674358103
-0.583306836667502 0.00012466139814738827 -0.0025332889231453673 0.0011151141247071625
-0.5826969126918081 0.00015305030492415405 -0.0025177827342788483 0.0011084724469299881
-0.5819330674158125 0.0001823175462503926 -0.0024977743993986603 0.0010998709304324535
-0.5810125716529722 0.00021247591672191463 -0.0024735550062214874 0.0010894422145970339
-0.5799325099062094 0.00024358256790796854 -0.0024454743171697046 0.0010773446663366918
-0.5786895846367788 0.0002756251272574706 -0.0024139346380518136 0.0010637599310931495
-0.5772805163663147 0.00030864998162631857 -0.0023793893328061264 0.0010488921213235311
-0.5757020580283525 0.00034257128120989734 -0.0023423355506063887 0.001032964371708571
-0.5739511478077273 0.00037727100198534775 -0.0023033077759316094 0.0010162156861446574
-0.5720251880170739 0.00041263241229543614 -0.0022628678155757554 0.0009988967103955182
-0.5699222410729661 0.00044848906356527543 -0.002221592120526228 0.0009812638132466898
-0.5676412320410884 0.0004846165190288419 -0.0021800575028543072 0.0009635723163391614
-0.5651821596562833 0.0005207670713720037 -0.0021388254498951355 0.0009460700243572823
-0.5625462585530215 0.0005566960989918093 -0.0020984270244375986 0.000928990990040398
-0.5597361423016485 0.0005920674541818209 -0.002059344240489839 0.0009125449621123468
-0.5567558702712314 0.0006265432610017808 -0.0020219962729126177 0.0008969124350781803
-0.5536109737950836 0.0006598233698322249 -0.0019867287826197573 0.0008822419970980248
-0.550308349518012 0.0006916157278700309 -0.0019538057834277388 0.0008686445926657271
-0.5468561343797058 0.0007216617095404071 -0.0019234062384148785 0.0008561928340545732
-0.5432634816905877 0.0007497659565790136 -0.0018956272438446207 0.0008449243670303894
-0.5395402989489859 0.0007757876032283842 -0.0018704903611682661 0.0008348435186829664
-0.5356969688200431 0.0007996463238257263 -0.001847951459687358 0.000825926016880159
-0.5317440666982164 0.0008213216978356455 -0.0018279128418208549 0.0008181246925694591
-0.5276920978066408 0.0008408467175719228 -0.001810236270628756 0.0008113753413989471
-0.5235512707738658 0.0008582985707324672 -0.0017947556674077498 0.000805602290096709
-0.51933131736037 0.0008737884658683425 -0.0017812885810878387 0.0008007233696727062
-0.5150413613408025 0.0008874511313471882 -0.0017696458663738462 0.0007966540786476479
-0.5106898334981298 0.0008994346333684562 -0.0017596393350385678 0.0007933108270314702
-0.5062844217663376 0.00090989728762628 -0.0017510875028382063 0.0007906133326939144
-0.5018320560411962 0.0009189929814599696 -0.0017438195521783599 0.0007884862502494027
-0.49733893293843395 0.0009268704870193684 -0.0017376776571967037 0.0007868601456266263
-0.4928105511583395 0.000933671068940544 -0.0017325181650922742 0.0007856719118466474
-0.48825174908486313 0.0009395282229313737 -0.0017282120786662226 0.000784864919911717
-0.4836667618503788 0.0009445595121312017 -0.0017246446157741847 0.000784388822413764
-0.4790592845895958 0.0009488722439555642 -0.0017217144081174813 0.0007841991715055806
-0.47443252089056287 0.0009525639521293931 -0.0017193326868324692 0.0007842570249739798
-0.4697892414107766 0.0009557180056805121 -0.0017174220293188131 0.0007845284179531941
-0.46513183819165727 0.0009584095956047103 -0.0017159152023007332 0.0007849838395270821
-0.4604623661856661 0.0009607036796201953 -0.0017147541279406132 0.0007855977648912078
-0.45578259177257185 0.0009626559482822761 -0.001713888676104587 0.0007863481545374426
-0.4510940288828055 0.0009643167300379925 -0.001713275759961476 0.0007872160421020432
-0.4463979720637644 0.0009657273229490425 -0.0017128784000979395 0.0007881851252126563
-0.44169552977361126 0.0009669243037826924 -0.001712664879576515 0.0007892414080548759
-0.43698764735219464 0.0009679389844449177 -0.0017126080896059932 0.0007903729048427513
-0.43227513242933036 0.0009687977634914673 -0.001712684828258365 0.0007915693456770283
-0.42755867352038024 0.0009695242138669868 -0.0017128752970105815 0.0007928219511003806
-0.42283885700913987 0.0009701375116251521 -0.0017131625951869844 0.0007941232116002476
-0.41811618302746456 0.0009706546602037896 -0.0017135322987631228 0.0007954667073392788
-0.41339107671425007 0.0009710898702570293 -0.0017139721234723237 0.00079684695633458
-0.408663900409031 0.0009714552671692884 -0.0017144715861487976 0.0007982592717687296
-0.40393496203130413 0.0009717614474159892 -0.0017150217666188927 0.0007996996548416468
-0.39920452350738495 0.0009720171171681838 -0.0017156150599255226 0.0008011646876939568
-0.39447280758575987 0.000972230043910254 -0.0017162449914904197 0.0008026514524575171
-0.38974000328876607 0.0009724065404356793 -0.0017169060511397604 0.0008041574568257022
-0.38500627141920385 0.0009725521290495921 -0.0017175935448977921 0.000805680571344559
-0.38027174830134947 0.0009726714804751026 -0.0017183034856336845 0.0008072189797966713
-0.37553654980126655 0.000972768513994617 -0.00171903248104971 0.0008087711311871751
-0.37080077419780205 0.0009728466724734753 -0.0017197776566605493 0.0008103357054475559
-0.3660645049218991 0.000972908747081022 -0.0017205365777933606 0.000811911579065265
-0.36132781292050364 0.0009729571998984516 -0.0017213071901481687 0.0008134977992637493
-0.35659075848154254 0.0009729940201853536 -0.001722087769135991 0.0008150935609799369
-0.35185339312350933 0.0009730209054151056 -0.0017228768722053604 0.0008166981865031151
-0.3471157609204805 0.0009730392684813362 -0.0017236733042932933 0.0008183111096667784
-0.34237789988552 0.0009730502524294188 -0.0017244760801928324 0.0008199318592543684
-0.3376398430115092 0.0009730548287001376 -0.0017252843972145903 0.0008215600466610941
-0.3329016192143402 0.000973053747561811 -0.0017260976061222115 0.0008231953525747069
-0.32816325415263237 0.0009730476378269787 -0.0017269151859282236 0.0008248375155867319
-0.3234247708331714 0.00097303698614294 -0.00172773671888636 0.0008264863200958306
-0.31868619015762956 0.0009730221967006258 -0.0017285618592554571 0.0008281415811100191
-0.3139475311966425 0.0009730036306102763 -0.0017293902919346775 0.0008298031227515688
-0.3092088112618358 0.0009729816542758786 -0.0017302216755860779 0.0008314707497738897
-0.3044700456187853 0.0009729567334719712 -0.0017310555898290114 0.0008331442239186543
-0.2997312470225709 0.0009729294062365852 -0.0017318915343093866 0.0008348232706623395
-0.2949924254350619 0.0009729002674155376 -0.0017327289941388338 0.0008365076167326481
-0.2902535880941313 0.0009728698369194934 -0.0017335675204907656 0.0008381970279503594
-0.2855147400304411 0.0009728385261304704 -0.0017344067694241914 0.000839891322750564
-0.28077588461760444 0.0009728066305090124 -0.0017352465003833049 0.0008415903678271379
-0.27603702410531666 0.0009727743441419929 -0.0017360865520767385 0.0008432940654530714
-0.2712981599945225 0.0009727418000124576 -0.0017369268191496693 0.000845002342575098
-0.266559293295231 0.0009727090802201913 -0.0017377672328764548 0.0008467151421102776
-0.2618204247012996 0.0009726762408875446 -0.0017386077481069504 0.0008484324173424277
-0.2570815546944646 0.0009726433181090928 -0.0017394483349415916 0.0008501541282820396
-0.2523426836177135 0.0009726103363719627 -0.0017402889731699788 0.0008518802393041918
-0.2476038117183476 0.0009725773126120095 -0.0017411296489936567 0.0008536107177280589
-0.2428649391785232 0.0009725442582512612 -0.0017419703527745537 0.00085534553284238
-0.2381260661345419 0.0009725111817325019 -0.0017428110776898874 0.0008570846553264124
-0.23338719268979155 0.0009724780888040616 -0.0017436518188166706 0.0008588280568449711
-0.22864831892412477 0.0009724449838398047 -0.0017444925725372223 0.0008605757097928239
-0.22390944489968545 0.0009724118700179286 -0.0017453333361573558 0.0008623275871244441
-0.2191705706655836 0.00097237874974819 -0.0017461741076305992 0.0008640836622331744
-0.21443169626083503 0.0009723456249122178 -0.0017470148853874184 0.0008658439088752573
-0.20969282171674344 0.0009723124969235595 -0.001747855668204 0.0008676083011106108
-0.20495394705857134 0.000972279366944987 -0.0017486964551180443 0.0008693768132654395
-0.20021507230677385 0.0009722462358515703 -0.0017495372453651386 0.0008711494199026859
-0.1954761974780371 0.0009722131043681208 -0.0017503780383325985 0.0008729260958012999
-0.19073732258596493 0.0009721799730677588 -0.001751218833527389 0.0008747068159411668
-0.18599844764171877 0.0009721468424135597 -0.0017520596305493276 0.0008764915554905844
-0.1812595726544477 0.0009721137127909925 -0.001752900429073332 0.0008782802897978658
-0.17652069763167644 0.0009720805845033592 -0.0017537412288336092 0.0008800729943835668
-0.17178182257960173 0.0009720474578107893 -0.0017545820296126478 0.0008818696449351579
-0.1670429475033223 0.0009720143329162677 -0.0017554228312319897 0.0008836702173022369
-0.16230407240705036 0.0009719812099920405 -0.0017562636335447773 0.0008854746874927549
-0.15756519729425542 0.0009719480891780359 -0.0017571044364302919 0.0008872830316700381
-0.1528263221678063 0.0009719149705888997 -0.0017579452397888822 0.0008890952261499978
-0.14808744703007 0.0009718818543218387 -0.0017587860435384814 0.000890911247399106
-0.14334857188300243 0.0009718487404540493 -0.0017596268476112805 0.0008927310720323545
-0.1386096967282209 0.0009718156290522962 -0.0017604676519513015 0.000894554676811705
-0.13387082156706004 0.0009717825201692458 -0.0017613084565123165 0.0008963820386446217
-0.12913194640062525 0.0009717494138497097 -0.0017621492612560781 0.0008982131345827909
-0.12439307122982864 0.0009717163101304568 -0.0017629900661510177 0.00090004794182103
-0.11965419605542552 0.0009716832090416273 -0.00176383087117099 0.0009018864376962065
-0.11491532087803988 0.0009716501106089682 -0.0017646716762944096 0.000903728599686349
-0.1101764456981877 0.000971617014852966 -0.0017655124815034063 0.0009055744054097373
-0.10543757051629607 0.00097158392179137 -0.001766353286783202 0.0009074238326241096
-0.10069869533271758 0.0009715508314382938 -0.0017671940921215816 0.0009092768592258893
-0.09595982014774442 0.0009715177438057419 -0.0017680348975084286 0.0009111334632494473
-0.09122094496161778 0.0009714846589036498 -0.0017688757029353872 0.0009129936228664153
-0.08648206977453754 0.0009714515767401731 -0.0017697165083955357 0.0009148573163849912
-0.08174319458666882 0.0009714184973223373 -0.0017705573138831557 0.0009167245222492938
-0.07700431939814825 0.0009713854206557575 -0.0017713981193935157 0.000918595219038707
-0.07226544420908902 0.0009713523467453233 -0.0017722389249227029 0.0009204693854672492
-0.06752656901958465 0.0009713192755949749 -0.0017730797304674843 0.0009223470003829473
-0.06278769382971269 0.0009712862072080827 -0.0017739205360251856 0.0009242280427672136
-0.05804881863953735 0.0009712531415874792 -0.001774761341593601 0.0009261124917342346
-0.05330994344911183 0.0009712200787355146 -0.0017756021471709079 0.0009280003265303534
-0.048571068258480336 0.0009711870186542418 -0.0017764429527556054 0.0009298915265334626
-0.0438321930676796 0.0009711539613453335 -0.0017772837583464585 0.0009317860712523913
-0.039093317876740266 0.0009711209068102657 -0.0017781245639424536 0.000933683940326296
-0.0343544426856879 0.0009710878550502604 -0.001778965369542762 0.0009355851135240502
-0.029615567494544037 0.0009710548060663799 -0.001779806175146711 0.0009374895707436328
-0.024876692303326862 0.0009710217598595384 -0.0017806469807537591 0.0009393972920115152
-0.020137817112051946 0.0009709887164305115 -0.0017814877863634756 0.0009413082574820483
-0.015398941920732753 0.000970955675779984 -0.0017823285919755267 0.0009432224474368463
-0.01066006672938114 0.0009709226379085288 -0.001783169397589663 0.0009451398422841699
-0.005921191538007807 0.0009708896028166444 -0.0017840102032057094 0.0009470604225583079
-0.001182316346622652 0.0009708565705047478 -0.0017848510088235609 0.0009489841689189567
0.003556558844764844 0.0009708235409731864 -0.0017856918144431768 0.0009509110621505987
0.008295434036145286 0.0009707905142222372 -0.0017865326200645806 0.000952841083161879
0.013034309227509025 0.0009707574902521097 -0.0017873734256878613 0.0009547742129849818
0.017773184418845813 0.0009707244690629354 -0.0017882142313131746 0.0009567104327750041
0.02251205961014442 0.0009706914506547754 -0.001789055036940751 0.0009586497238093305
0.027250934801392235 0.0009706584350275971 -0.0017898958425709016 0.0009605920674870058
0.03198980999257482 0.0009706254221812781 -0.0017907366482040332 0.0009625374453281092
0.036728685183675364 0.0009705924121155839 -0.001791577453840659 0.0009644858389731268
0.0414675603746741 0.0009705594048301373 -0.0017924182594814201 0.0009664372301823271
0.046206435565547564 0.000970526400324432 -0.0017932590651271077 0.000968391600835135
0.050945310756267806 0.000970493398597731 -0.001794099870778692 0.0009703489329295114
0.055684185946801246 0.0009704603996491351 -0.001794940676437358 0.0009723092085813311
0.06042306113710767 0.000970427403477435 -0.001795781482104547 0.0009742724100237676
0.06516193632713851 0.0009703944100811364 -0.0017966222877820119 0.000976238519606682
0.0699008115168354 0.0009703614194583718 -0.0017974630934718774 0.000978207519796014
0.07463968670612771 0.0009703284316067535 -0.0017983038991767207 0.000980179393173189
0.07937856189493032 0.0009702954465234508 -0.001799144704899662 0.0009821541224345216
0.08411743708314039 0.0009702624642047792 -0.0017999855106444816 0.0009841316903906447
0.08885631227063348 0.0009702294846464565 -0.0018008263164157562 0.00098611207996594
0.0935951874572595 0.0009701965078430674 -0.00180166712221902 0.0009880952741979905
0.09833406264283664 0.0009701635337881023 -0.0018025079280609795 0.0009900812562370599
0.10307293782714555 0.0009701305624736837 -0.001803348733949737 0.000992070009345576
0.1078118130099206 0.0009700975938899473 -0.0018041895398951129 0.0009940615168976836
0.11255068819084087 0.0009700646280253809 -0.0018050303459089755 0.0009960557623787817
0.11728956336951846 0.0009700316648652526 -0.001805871152005698 0.0009980527293851611
0.12202843854548373 0.0009699987043925621 -0.0018067119582026738 0.001000052401623655
0.12676731371816963 0.0009699657465860711 -0.0018075527645209362 0.0010020547629113624
0.13150618888688922 0.0009699327914203074 -0.0018083935709859785 0.001004059797175496
0.13624506405081316 0.0009698998388647325 -0.0018092343776286066 0.001006067488453229
0.14098393920893698 0.000969866888881132 -0.0018100751844861867 0.001008077820891824
0.14572281436004625 0.0009698339414250794 -0.001810915991603911 0.0010100907787487013
0.1504616895026724 0.0009698009964400022 -0.0018117567990365603 0.0010121063463918954
0.15520056463503612 0.0009697680538604409 -0.0018125976068505388 0.001014124508300585
0.1599394397549875 0.0009697351136050129 -0.0018134384151262735 0.0010161452490658964
0.1646783148599193 0.0009697021755755668 -0.0018142792239614913 0.0010181685533922555
0.16941718994667915 0.0009696692396547621 -0.0018151200334746368 0.001020194406098714
0.1741560650114437 0.0009696363056948725 -0.0018159608438099283 0.001022222792121491
0.17889494004957954 0.000969603373523814 -0.0018168016551426635 0.001024253696516354
0.18363381505546914 0.0009695704429218592 -0.0018176424676866274 0.0010262871044626203
0.18837269002228213 0.0009695375136320851 -0.0018184832817030622 0.0010283230012678038
0.1931115649417302 0.0009695045853336296 -0.0018193240975115075 0.0010303613723735457
0.19785043980370537 0.0009694716576333016 -0.0018201649155052256 0.0010324022033645311
0.20258931459589924 0.0009694387300561481 -0.0018210057361683885 0.0010344454799778972
0.20732818930325045 0.0009694058019909284 -0.0018218465601024057 0.0010364911881194057
0.21206706390729496 0.000969372872710753 -0.0018226873880565584 0.0010385393138807333
0.2168059383853312 0.0009693399412624878 -0.0018235282209727623 0.0010405898435671772
0.2215448127092488 0.0009693070064877087 -0.0018243690600461319 0.0010426427637338408
0.22628368684417405 0.0009692740668840179 -0.0018252099068053976 0.0010446980612345402
0.2310225607463669 0.0009692411205037914 -0.0018260507632377257 0.00104675572330024
0.23576143436071978 0.0009692081648605774 -0.0018268916319490072 0.0010488157376349948
0.2405003076169213 0.0009691751965038041 -0.0018277325164264158 0.001050878092585476
0.24523918042430246 0.0009691422109976111 -0.0018285734213940054 0.0010529427773563567
0.2499780526645612 0.0009691092019847489 -0.0018294143533716292 0.0010550097823681791
0.2547169241804717 0.0009690761608956533 -0.0018302553215263583 0.0010570790997904793
0.25945579476076364 0.0009690430754366373 -0.0018310963389225308 0.001059150724325866
0.26419466411496856 0.0009690099276586864 -0.0018319374246184958 0.001061224654565782
0.2689335318385628 0.0009689766919804049 -0.0018327786066780823 0.001063300894851727
0.27367239735566184 0.0009689433282630741 -0.0018336199273733026 0.00106537945869462
0.2784112598320737 0.0009689097787345436 -0.0018344614508807645 0.0010674603735645086
0.2831501180424693 0.0009688759512225277 -0.001835303275600514 0.0010695436888433422
0.28788897015244796 0.0009688417083588939 -0.001836145552714545 0.0010716294875172928
0.2926278134154054 0.0009688068399881624 -0.001836988509912906 0.0010737179006838674
0.29736664370142196 0.0009687710304769131 -0.0018378324793038032 0.0010758091244638679
0.3021054549537855 0.0009687338542172066 -0.001838677908146038 0.0010779034231784346
0.30684423861008714 0.0009686947516893998 -0.0018395253332451843 0.00108000110925788
0.31158298328118267 0.0009686531498799424 -0.0018403753029909166 0.0010821024916466903
0.3163216748978931 0.0009686085089561838 -0.0018412282947200473 0.0010842078296469297
0.32106029710922834 0.0009685604044790357 -0.001842084693831076 0.0010863173301255454
0.32579883171886587 0.0009685084763867937 -0.0018429448401511485 0.0010884311811681598
0.3305372587640787 0.000968452361401849 -0.001843809090870837 0.001090549589547216
0.33527555635070233 0.0009683916534686715 -0.0018446778694943533 0.0010926728070978602
0.34001370022694316 0.0009683258260989783 -0.0018455517023489947 0.0010948011518552038
0.3447516631935602 0.0009682542554111946 -0.0018464312461166216 0.0010969350232965841
0.34948941442455833 0.0009681761367614393 -0.001847317315049554 0.0010990749193009863
0.35422691853564026 0.0009680904988147967 -0.0018482109116574465 0.0011012214552231238
0.35896413466210825 0.0009679961565990753 -0.001849113255632488 0.0011033753811617029
0.363701015174218 0.0009678916423117883 -0.001850025823947768 0.0011055376087034487
0.3684375043886005 0.0009677752538939669 -0.0018509503865459537 0.0011077092312233542
0.3731735369476811 0.0009676448522646941 -0.001851889057349617 0.001109891558776892
0.37790903591105895 0.0009674980222098033 -0.0018528443463955012 0.0011120861489226275
0.3826439108031149 0.0009673318115529785 -0.0018538192223267456 0.0011142948474077172
0.3873780548767825 0.0009671427869918814 -0.0018548171936373676 0.0011165198407439255
0.392111342552738 0.0009669269345277154 -0.0018558423888518426 0.001118763704546275
0.3968436257489979 0.0009666793933444593 -0.0018568996754254326 0.0011210294847683981
0.4015747301688474 0.0009663946724662653 -0.0018579947722581294 0.0011233207630686316
0.40630445071411214 0.0009660660040952252 -0.0018591344076088368 0.0011256417647416686
0.4110325457729555 0.0009656857989180532 -0.001860326491518691 0.001127997463915956
0.4157587315761835 0.0009652449426434134 -0.0018615803110887032 0.0011303937091202273
0.4204826739819284 0.0009647327742933457 -0.00186290679217032 0.0011328373966911567
0.4252039807731863 0.0009641370277356096 -0.001864318748378252 0.0011353366187859912
0.4299221908587302 0.0009634427296655663 -0.0018658312461840014 0.0011379009169419205
0.43463676269750817 0.0009626331281968941 -0.0018674619556347943 0.001140541488654076
0.4393470612757472 0.0009616878563056951 -0.0018692316015589555 0.0011432714904278044
0.4440523406383404 0.0009605837695664387 -0.0018711644975185164 0.001146106379981993
0.44875172766964583 0.0009592938216336657 -0.001873289081941663 0.001149064247557863
0.4534441984898326 0.000957785713625972 -0.0018756386790306306 0.0011521663418195042
0.45812855539117725 0.0009560231893627198 -0.0018782521892462278 0.0011554374743963976
0.46280339899013134 0.0009539624027418013 -0.0018811750121043116 0.001158906652424378
0.46746709334324016 0.0009515543721987872 -0.0018844600461871506 0.0011626077092601204
0.47211773431206866 0.0009487423966133159 -0.0018881686738374099 0.0011665799137257076
0.47675310408305266 0.0009454595204774903 -0.0018923721097962361 0.0011708689140615596
0.4813706278761584 0.0009416318729149404 -0.0018971525264289927 0.0011755273904634083
0.4859673270822299 0.0009371733716931796 -0.0019026043664465391 0.0011806159219001353
0.4905397586874556 0.0009319875842445153 -0.001908835773341909 0.001186203942975604
0.49508396605240534 0.0009259682245385447 -0.0019159695776440242 0.0011923702935031253
0.4995954212661789 0.0009189945863523422 -0.0019241443410591929 0.0011992039210861345
0.5040689609873009 0.0009109366765250691 -0.0019335150210092681 0.001206804297478392
0.5084987440645006 0.0009016558412922727 -0.001944252723765253 0.0012152811567576161
0.5128782121552539 0.0008910053051121548 -0.0019565437515464967 0.0012247538055599326
0.5172000557879409 0.0008788302088656811 -0.0019705875456602585 0.001235349782739975
0.5214562096801366 0.000864982162099046 -0.0019865927968593087 0.0012472021754278658
0.5256378879827187 0.0008493179600129818 -0.002004771727667245 0.0012604458052991741
0.5297356475482211 0.0008317085054740645 -0.0020253322614410475 0.0012752120533959465
0.5337394948619222 0.0008120479780905362 -0.0020484679055523015 0.001291622225546098
0.537639041411893 0.0007902628559168457 -0.0020743454635022167 0.0013097795165108689
0.5414237076991351 0.0007663204506418505 -0.002103091072993578 0.0013297599033534934
0.5450829696012416 0.0007402361888343042 -0.002134775510652764 0.0013516026595477148
0.5486066340549106 0.0007120772409620861 -0.0021694001521482625 0.0013753015657302827
0.5519851239241556 0.0006819597271520829 -0.002206885160620689 0.0014007980109503465
0.5552097473961626 0.0006500439242261415 -0.0022470609247066107 0.0014279762197382051
0.5582729454982666 0.0006165476601846167 -0.002289661585245747 0.0014566567407558616
0.5611684777034733 0.0005816851728280164 -0.00233432958996469 0.001486603778272788
0.5638915202115029 0.0005457271714999251 -0.002380619272577246 0.0015175248661261174
0.5664387247301927 0.0005088753210729552 -0.0024280121773139615 0.0015490844201557343
0.5688081625572522 0.000471387444525022 -0.002475927975152857 0.0015809056982428763
0.5709992213672775 0.0004334966551388503 -0.002523744671107158 0.001612588402549209
0.5730124665949669 0.0003953658578625782 -0.002570817505179078 0.001643720090782682
0.5748494282585622 0.0003571209239891166 -0.00261649692618085 0.0016738864066944837
0.576512380901107 0.0003188643034734406 -0.00266014514437795 0.0017026816249666673
0.5780041183789534 0.0002806621644153603 -0.0027011507698989677 0.0017297180896209173
0.579327786842354 0.000242470182772025 -0.0027389401776114143 0.001754633624511193
0.5804867457745206 0.0002042728883987639 -0.0027729867296827733 0.0017770963210343943
0.5814842415969117 0.00016607445843762588 -0.0028028190795686744 0.0017968104766396796
0.5823234084073594 0.0001277700819751294 -0.002828024759376736 0.0018135180584706865
0.5830070357637902 8.937079339293285e-05 -0.00284825493375682 0.0018270028116254763
0.5835376280490181 5.102935407998689e-05 -0.002863226529978838 0.0018370902645022003
0.5839171293641594 1.6106156210589522e-05 -0.0028727209649973056 0.0018436477499212268
0.5841469307451083 3.293426989997802e-05 -0.0028765858708436056 0.0018465855373181919
0.5842279575164959 7.254684513578956e-05 -0.0028747382519195438 0.0018458585300423404
0.5841605491303234 0.00011417725233629998 -0.002867161821415163 0.0018414648751465968
0.5839444278441848 0.00015719369999789837 -0.0028539062048750325 0.0018334455121009757
0.5835787392281487 0.00020158425196132386 -0.0028350882401045386 0.0018218859707729053
0.5830621224326089 0.00024744170528839436 -0.00281089190204051 0.0018069148344326746
0.5823926885341671 0.0002949117389873122 -0.002781565592429656 0.0017887020913030906
0.581567997920079 0.0003441393317827552 -0.002747419827082503 0.0017674581228914361
0.5805852679295891 0.0003951254267735205 -0.0027088289295134774 0.0017434359239034722
0.579441424390363 0.0004479991562319317 -0.0026662256290940337 0.0017169249697406672
0.5781332055812862 0.0005026867764830372 -0.002620097557265677 0.0016882507822831808
0.5766573118594425 0.000559160158724958 -0.0025709810628829393 0.0016577692314242605
0.5750105845789079 0.0006173334235101876 -0.0025194535273619476 0.0016258622443775534
0.5731901676218588 0.000677009834750195 -0.0024661225864307597 0.001592929845952312
0.5711937239256805 0.0007379068473733708 -0.0024116134732412847 0.0015593811546166347
0.5690196602367404 0.0007996710844486402 -0.002356554078267768 0.001525624344258626
0.5666673414647143 0.0008618782330993049 -0.0023015579912007388 0.0014920551834553685
0.5641372733537059 0.0009240378134030352 -0.002247207090975982 0.0014590456254408683
0.5614312420580262 0.0009856139263567708 -0.002194035411729447 0.0014269342407150934
0.5585524462072028 0.0010460175575560866 -0.0021425108155345056 0.0013960128868629256
0.5555055715358128 0.0011046996936003983 -0.002093023176323189 0.0013665214688298145
0.5522967068373887 0.0011611028033952106 -0.0020458751640960175 0.0013386405291008687
0.5489332824433196 0.001214755724771169 -0.0020012790398449866 0.0013124926012409177
0.5454238680017589 0.001265250666878231 -0.0019593569329775006 0.001288141519373001
0.5417779449151252 0.00131227702454413 -0.0019201476561540917 0.001265597662031042
0.5380056407446696 0.0013556370380886052 -0.0018836172154034915 0.0012448263446124476
0.5341174405301713 0.0013952381387283442 -0.0018496715446077838 0.001225756227494447
0.5301239121385285 0.0014310862758036469 -0.0018181705834951426 0.001208288458111644
0.5260354587879402 0.001463273251924539 -0.0017889422394384471 0.0011923056354129207
0.5218621116639491 0.0014919596976629586 -0.0017617951627653082 0.0011776798476806794
0.5176133675809488 0.0015173582478004387 -0.0017365296260573719 0.001164279365826184
0.5132980729803026 0.0015397146928843551 -0.001712946279465332 0.0011519739678264383
0.5089243551760527 0.001559291329877521 -0.001690852682669651 0.0011406388203168505
0.5044995966470177 0.001576357317948243 -0.001670067759917193 0.001130157039151738
0.5000304353056247 0.0015911780752951121 -0.0016504245388889991 0.0011204211963733199
0.4955227830352767 0.00160400933668996 -0.001631771634161145 0.0011113341562337372
0.49098186353286144 0.001615085534641818 -0.001613973555948231 0.0011028090985183675
0.48641227081925453 0.0016246240398975673 -0.0015969102773701082 0.001094769129279914
0.48181801968905 0.0016328246320019978 -0.001580476498684346 0.0010871468271283604
0.4772025995323105 0.0016398622861853191 -0.0015645804741401964 0.0010798834085549566
0.4725690377395903 0.001645893886202955 -0.0015491426853658258 0.0010729278594334341
0.4679199489694703 0.001651059225311421 -0.0015340946325172768 0.0010662362095859052
0.46325758460795985 0.0016554779510321112 -0.0015193774876089078 0.0010597706224144234
0.4585838820841676 0.001659256280897865 -0.0015049408979890574 0.001053498662312901
0.4539005021970669 0.0016624856248430152 -0.0014907419176504954 0.0010473926219333348
0.44920886859962117 0.0016652446397141544 -0.0014767439503433981 0.0010414288320043565
0.4445101995639636 0.0016676024610628008 -0.0014629159108203683 0.0010355871673727135
0.4398055352355973 0.00166961695957285 -0.0014492314148691042 0.0010298505046484952
0.4350957647504076 0.0016713388077194112 -0.0014356680942374637 0.001024204305112943
0.43038164590995354 0.0016728110474028125 -0.0014222070223412274 0.0010186362508076826
0.42566382525979946 0.0016740704238277747 -0.0014088321758852686 0.0010131358938892188
0.4209428536758434 0.0016751488599871267 -0.0013955300202767886 0.0010076944090573043
0.4162192000144259 0.0016760729314452376 -0.0013822891156016269 0.0010023043271562126
0.4114932637757754 0.001676865888699593 -0.0013690998032967298 0.0009969593472293312
0.40676538450940986 0.0016775471889644684 -0.0013559539333969635 0.0009916541556612205
0.40203585132575004 0.001678133564190283 -0.0013428446248699229 0.0009863842727633899
0.397304909874462 0.0016786393218921117 -0.001329766078330809 0.0009811459365509647
0.3925727689732196 0.0016790764901284858 -0.0013167133999924079 0.0009759359834596587
0.38783960609799145 0.0016794555443361593 -0.0013036824677310657 0.0009707517679892036
0.3831055718203106 0.0016797851538517437 -0.0012906698084592712 0.0009655910781922653
0.37837079411961766 0.0016800728548213332 -0.001277672498867105 0.0009604520741858066
0.37363538151230236 0.0016803249653291033 -0.0012646880831511061 0.0009553332339246753
0.36889942619575194 0.0016805468565121338 -0.0012517144995755115 0.000950233304393768
0.3641630064339754 0.0016807431115902231 -0.0012387500246980882 0.0009451512672471407
0.3594261887553823 0.0016809175215699273 -0.0012257932206312654 0.0009400863018682537
0.354689029859527 0.001681073345838516 -0.0012128428949990516 0.0009350377612405102
0.3499515781436553 0.0016812132298675132 -0.0011998980638938434 0.0009300051457303487
0.34521387520202806 0.0016813394059137946 -0.001186957920662663 0.0009249880829573967
0.34047595694249194 0.0016814536891752835 -0.0011740218095386977 0.0009199863100087661
0.3357378546768631 0.0016815575558809513 -0.0011610892004751765 0.0009149996557467585
0.3309995959689253 0.0016816522108360262 -0.001148159668713899 0.0009100280274049264
0.3262612053698276 0.0016817385989263518 -0.0011352328737379513 0.0009050713947018726
0.32152270502526487 0.0016818175020667627 -0.0011223085387956134 0.0009001297746845313
0.31678411508025855 0.0016818895637349452 -0.0011093864248183359 0.0008952032097995144
0.31204545391397753 0.0016819554090628107 -0.0010964662961984932 0.0008902917388462179
0.30730673803260167 0.0016820157456108472 -0.0010835478839967382 0.000885395367671794
0.30256798172584004 0.0016820714407562037 -0.00107063087143263 0.0008805140645127303
0.2978291966323019 0.0016821235017829919 -0.0010577149210330042 0.000875647791365987
0.29309039159214195 0.0016821728909640855 -0.0010447997252222333 0.0008707965474255201
0.2883515729338746 0.0016822204334361478 -0.001031885041128389 0.0008659603929571082
0.283612744979446 0.0016822667276348725 -0.0010189706954519023 0.0008611394477625133
0.2788739106315309 0.0016823121936770998 -0.0010060565718069039 0.000856333879154598
0.27413507181852204 0.0016823571085239745 -0.000993142594609168 0.0008515438892812151
0.26939622983333866 0.0016824016522836703 -0.000980228715064258 0.0008467697045804313
0.26465738555260754 0.0016824459444336993 -0.0009673149017261374 0.0008420115692243571
0.2599185395792837 0.001682490061445062 -0.0009544011340460602 0.0008372697404476731
0.25517969233722015 0.0016825340557201543 -0.0009414873984410696 0.000832544485903905
0.25044084412841866 0.0016825779618518575 -0.0009285736857823776 0.0008278360819117181
0.24570199517307242 0.0016826218040046227 -0.0009156599898215822 0.000823144812412963
0.24096314563392376 0.0016826655990301725 -0.0009027463062186528 0.0008184709683643846
0.23622429563352276 0.0016827093588436533 -0.0008898326318953148 0.0008138148473432521
0.23148544526549664 0.0016827530922491393 -0.0008769189646379704 0.0008091767533586701
0.22674659460223312 0.0016827968055510335 -0.0008640053028233067 0.0008045569967342819
0.22200774370052434 0.0016828405036055452 -0.0008510916452441383 0.0007999558940785973
0.21726889260523063 0.001682884190027758 -0.0008381779909893675 0.0007953737682892302
0.21253004135220613 0.001682927867639066 -0.0008252643393616942 0.0007908109485878029
0.20779118997023635 0.0016829715386415484 -0.0008123506898225468 0.0007862677705766159
0.20305233848260099 0.0016830152047550753 -0.0007994370419508751 0.0007817445763033014
0.19831348690821193 0.0016830588673780716 -0.0007865233954157212 0.0007772417143383292
0.19357463526247018 0.0016831025275995239 -0.0007736097499546616 0.0007727595398543344
0.1888357835579858 0.001683146186321397 -0.0007606961053587524 0.000768298414711293
0.1840969318050808 0.0016831898442614172 -0.0007477824614608973 0.0007638587075426994
0.1793580800122427 0.0016832335020092214 -0.000734868818126873 0.0007594407938428271
0.1746192281864468 0.0016832771600477174 -0.0007219551752487822 0.0007550450560548571
0.16988037633343878 0.0016833208187675478 -0.0007090415327395141 0.000750671883657705
0.1651415244579563 0.0016833644784965424 -0.0006961278905287919 0.0007463216732527783
0.1604026725639029 0.0016834081394963953 -0.0006832142485597494 0.0007419948286485985
0.1556638206545045 0.0016834518019878976 -0.000670300606786379 0.0007376917609440097
0.15092496873242123 0.0016834954661499256 -0.000657386965171438 0.0007334128886089258
0.14618611679985305 0.0016835391321309325 -0.0006444733236847329 0.0007291586375623616
0.1414472648586162 0.0016835828000539906 -0.0006315596823018284 0.0007249294412475535
0.13670841291021202 0.0016836264700192081 -0.0006186460410029017 0.0007207257407033682
0.13196956095588203 0.0016836701421111917 -0.0006057323997719095 0.0007165479846320298
0.1272307089966513 0.0016837138163978019 -0.0005928187585958447 0.000712396629462363
0.12249185703336844 0.0016837574929364219 -0.0005799051174641738 0.0007082721394083876
0.11775300506673439 0.0016838011717737482 -0.0005669914763683698 0.0007041749865226886
0.11301415309732916 0.0016838448529485183 -0.0005540778353015233 0.0007001056507441102
0.10827530112563225 0.001683888536492957 -0.00054116419425805 0.0006960646199393686
0.10353644915204005 0.0016839322224332224 -0.0005282505532334263 0.0006920523899379749
0.09879759717688077 0.0016839759107914526 -0.0005153369122239993 0.0006880694645600709
0.09405874520042541 0.0016840196015853982 -0.0005024232712268148 0.0006841163556365514
0.08931989322289846 0.0016840632948300312 -0.0004895096302394865 0.0006801935830209831
0.08458104124448536 0.0016841069905375427 -0.0004765959892600893 0.0006763016745927291
0.0798421892653397 0.0016841506887179955 -0.0004636823482870681 0.0006724411662506826
0.07510333728558849 0.0016841943893797606 -0.0004507687073191714 0.0006686126018970341
0.07036448530533683 0.0016842380925295847 -0.00043785506635538924 0.0006648165334104121
0.06562563332467178 0.0016842817981731566 -0.00042494142539491056 0.0006610535206077931
0.06088678134366534 0.00168432550631501 -0.00041202778443708216 0.0006573241311944969
0.0561479293623773 0.0016843692169589296 -0.00039911414348138015 0.000653628940701617
0.05140907738085713 0.0016844129301079706 -0.00038620050252738435 0.0006499685324101914
0.04667022539914598 0.0016844566457646125 -0.00037328686157475893 0.0006463434972614207
0.04193137341727811 0.0016845003639308852 -0.0003603732206232357 0.0006427544337522312
0.03719252143528207 0.0016845440846083779 -0.0003474595796726014 0.0006392019478154623
0.032453669453181774 0.0016845878077983887 -0.0003345459387226875 0.0006356866526839641
0.0277148174709974 0.0016846315335019004 -0.0003216322977733613 0.0006322091687378785
0.02297596548874605 0.0016846752617196792 -0.00030871865682451934 0.0006287701233343826
0.01823711350644243 0.001684718992452282 -0.0002958050158760823 0.0006253701506191703
0.013498261524099336 0.0016847627257000903 -0.00028289137492799025 0.00062200989131896
0.008759409541728158 0.0016848064614633385 -0.00026997773398019966 0.0006186899925143232
0.0040205575593392495 0.001684850199742114 -0.00025706409303268045 0.0006154111073921389
-0.000718294423057665 0.0016848939405363825 -0.00024415045208541397 0.000612173894977007
-0.005457146405453155 0.001684937683845984 -0.00023123681113839132 0.000608979019840965
-0.010195998387837737 0.001684981429670639 -0.00021832317019161227 0.0006058271517908881
-0.014934850370201532 0.0016850251780099429 -0.0002054095292450841 0.0006027189655329848
-0.019673702352533916 0.001685068928863364 -0.00019249588829882102 0.0005996551403138336
-0.024412554334823117 0.001685112682230217 -0.00017958224735284355 0.0005966363595374597
-0.029151406317055806 0.0016851564381096698 -0.00016666860640717805 0.0005936633103579901
-0.03389025829921662 0.0016852001965006877 -0.00015375496546185652 0.0005907366832474948
-0.038629110281287585 0.0016852439574020414 -0.00014084132451691595 0.0005878571715386737
-0.043367962263247475 0.001685287720812236 -0.0001279276835723981 0.000585025470942126
-0.04810681424507105 0.0016853314867294766 -0.00011501404262834867 0.0005822422790380139
-0.05284566622672815 0.0016853752551516314 -0.0001021004016848162 0.0005795082947420141
-0.0575845182081826 0.001685419026076093 -8.918676074185164e-05 0.0005768242177455456
-0.062323370189390846 0.0016854627994998112 -7.627311979950524e-05 0.0005741907479303523
-0.06706222217030049 0.0016855065754190397 -6.335947885782525e-05 0.0005716085847576351
-0.07180107415084831 0.0016855503538293548 -5.044583791685342e-05 0.0005690784266320235
-0.07653992613095797 0.001685594134725397 -3.753219697662034e-05 0.0005666009702408091
-0.08127877811053733 0.0016856379181007055 -2.461855603713945e-05 0.0005641769098689792
-0.08601763008947504 0.0016856817039475882 -1.1704915098396499e-05 0.0005618069366907102
-0.09075648206763658 0.001685725492256579 1.2087258396594196e-06 0.0005594917380381438
-0.09549533404485926 0.0016857692830165676 1.4122366777134839e-05 0.0005572319966483553
-0.10023418602094658 0.0016858130762138362 2.7036007714208815e-05 0.0005550283898896369
-0.10497303799566074 0.0016858568718320986 3.9949648651161795e-05 0.0005528815889682904
-0.10971188996871448 0.0016859006698515836 5.286328958840948e-05 0.00055079225811733
-0.11445074193976021 0.0016859444702482993 6.577693052654499e-05 0.0005487610537686275
-0.11918959390837788 0.001685988272993653 7.869057146640044e-05 0.0005467886237101432
-0.12392844587405956 0.0016860320780523038 9.160421240911128e-05 0.0005448756062301431
-0.1286672978361906 0.0016860758853826684 0.00010451785335622045 0.0005430226292502761
-0.13340614979402826 0.0016861196949333537 0.00011743149430978484 0.00054123030944975
-0.1381450017466733 0.0016861635066430657 0.00013034513527253533 0.0005394992513827662
-0.1428838536930392 0.0016862073204373992 0.00014325877624806515 0.0005378300465916585
-0.14762270563181046 0.0016862511362256821 0.00015617241724106613 0.000536223272718304
-0.15236155756139613 0.0016862949538997975 0.00016908605825765208 0.0005346794926162914
-0.15710040947987136 0.0016863387733256716 0.00018199969930571651 0.000533199253466888
-0.1618392613849043 0.0016863825943450707 0.0001949133403954661 0.000531783085901267
-0.16657811327367447 0.001686426416762078 0.0002078269815399976 0.0005304315031323694
-0.17131696514276182 0.0016864702403416995 0.00022074062275612388 0.000529145000099064
-0.17605581698802605 0.0016865140647978945 0.00023365426406536123 0.0005279240526258341
-0.18079466880444317 0.0016865578897793789 0.0002465679054951828 0.0005267691166013287
-0.1855335205859177 0.0016866017148651098 0.00025948154708070994 0.0005256806271783088
-0.19027237232504762 0.0016866455395278966 0.000272395188866681 0.0005246589979993288
-0.19501122401282064 0.0016866893631380545 0.000285308830910321 0.0005237046204498459
-0.19975007563826958 0.0016867331849066182 0.000298222473284676 0.0005228178629436926
-0.20448892718798892 0.0016867770038681922 0.0003111361160834001 0.0005219990702428711
-0.2092277786455882 0.0016868208188247525 0.0003240497594268402 0.0005212485628154951
-0.21396662999092714 0.0016868646282610642 0.0003369634034702417 0.0005205666362364579
-0.2187054811991767 0.0016869084303042115 0.0003498770484154194 0.0005199535606314159
-0.22344433223958388 0.0016869522225109416 0.000362790694525887 0.0005194095801738851
-0.22818318307376026 0.00168699600181308 0.0003757043421501329 0.0005189349126322075
-0.23292203365354727 0.001687039764147978 0.0003886179917526063 0.0005185297489813395
-0.23766088391781218 0.001687083504180741 0.0004015316439617878 0.000518194253079814
-0.24239973378833718 0.001687127214775131 0.00041444529963949924 0.0005179285614241608
-0.24713858316360476 0.0016871708860476571 0.000427358959985487 0.0005177327830057641
-0.25187743191011425 0.0016872145045645742 0.00044027262670186815 0.0005176069992655788
-0.25661627984967883 0.0016872580508550095 0.00045318630223641407 0.0005175512642362617
-0.26135512673990885 0.0016873014975352792 0.0004660999901870454 0.0005175656048455076
-0.2660939722463564 0.001687344804022495 0.00047901369591253596 0.0005176500215713982
-0.2708328158971934 0.0016873879101785539 0.0004919274275532236 0.0005178044895091417
-0.27557165701702907 0.0016874307258795565 0.0005048411976492814 0.0005180289600880206
-0.28031049461944224 0.001687473111253649 0.0005177550257558937 0.0005183233639400051
-0.2850493272429184 0.001687514856655049 0.0005306689426778805 0.0005186876148701233
-0.28978815270128055 0.00168755563437792 0.0005435829966932051 0.0005191216162317567
-0.29452696770567827 0.0016875949663057435 0.0005564972624930781 0.0005196252679322793
-0.2992657673814806 0.0016876321686141824 0.0005694118504462163 0.0005201984734769631
-0.3040045446765134 0.0016876663590083007 0.0005823269116927248 0.000520841140346064
-0.30874328990950717 0.0016876965439363947 0.0005952426292251755 0.0005215531680240004
-0.3134819906104275 0.0016877217479993108 0.0006081591931589833 0.0005223344253425299
-0.3182206317714164 0.0016877411689777732 0.0006210767752597808 0.0005231847330679672
-0.32295919629956116 0.001687754127893943 0.0006339955243776527 0.0005241038648090889
-0.3276976652818753 0.0016877600052788398 0.0006469155820120012 0.0005250915629960194
-0.33243601799891187 0.001687758110360134 0.0006598371034384541 0.0005261475563393137
-0.33717423161912363 0.001687747607779125 0.0006727602753962324 0.0005272715732439772
-0.3419122807381053 0.001687727467478448 0.0006856853299857493 0.0005284633518229055
-0.3466501367323481 0.0016876963805071334 0.0006986125574594524 0.0005297226492582524
-0.35138776697242624 0.001687652769995172 0.0007115423197575612 0.0005310492499358609
-0.35612513393405976 0.0016875946563078934 0.0007244750649199961 0.0005324429762409141
-0.3608621940565986 0.0016875196794060897 0.0007374113446525355 0.0005339036981201208
-0.36559889656508987 0.0016874249719733875 0.0007503518328953087 0.0005354313459383917
-0.3703351819245714 0.001687307094561822 0.0007632973489922206 0.0005370259237720412
-0.37507098022591123 0.001687162001485659 0.0007762488833311214 0.0005386875246898776
-0.379806209206612 0.001686984789525912 0.0007892076283645772 0.0005404163503964799
-0.3845407719208791 0.0016867698226095088 0.0008021750160111911 0.0005422127303702105
-0.38927455425521584 0.0016865103016164848 0.0008151527601613599 0.000544077150241243
-0.3940074216409456 0.0016861983458004248 0.0008281429111770284 0.0005460102786711628
-0.39873921574417137 0.0016858246492029879 0.0008411479161348613 0.0005480130051034092
-0.4034697500168261 0.0016853782072928784 0.0008541706959183196 0.0005500864809638736
-0.4081988049711379 0.0016848462949344467 0.0008672147327747102 0.0005522321676255104
-0.4129261224506681 0.0016842136177010138 0.0008802841761304848 0.0005544518990603495
-0.4176513986080451 0.001683462694577496 0.000893383971110736 0.0005567479434140694
-0.42237427660790255 0.0016825726396479115 0.0009065200026548506 0.0005591230920264502
-0.42709433671775177 0.0016815191881595047 0.0009196992788107121 0.0005615807462000254
-0.4318110863432551 0.001680273987372786 0.0009329301314108997 0.0005641250326577072
-0.43652394695943675 0.0016788033573527043 0.0009462224666898281 0.0005667609334392353
-0.44123223959443714 0.0016770687913031702 0.000959588051522196 0.0005694944284752679
-0.4459351685331982 0.0016750242456709658 0.0009730408450867201 0.0005723326870869325
-0.450631800357644 0.0016726170050142977 0.0009865974050609916 0.0005752842494009244
-0.4553210432607786 0.0016697853348290978 0.0010002773253382094 0.0005783592802079456
-0.4600016192940252 0.0016664569733792127 0.0010141037801484807 0.0005815698260167942
-0.4646720355258395 0.0016625496101434298 0.001028104114792865 0.0005849301139153257
-0.4693305509504011 0.0016579660541721135 0.0010423105247456433 0.0005884569214615944
-0.47397513556733023 0.0016525964593411939 0.001056760846487845 0.0005921699143912182
-0.47860343187659743 0.0016463145651329596 0.0010714993672443622 0.0005960921056982045
-0.48321270486835555 0.0016389744936135754 0.0010865777690427562 0.0006002502880337405
-0.4877997900345953 0.0016304145626727577 0.0011020560825416436 0.0006046754686045793
-0.4923610435529742 0.0016204510366052405 0.0011180036271039547 0.0006094033879489368
-0.4968922795487565 0.0016088791576964387 0.0011344999756683204 0.0006144748928598791
-0.5013887153909531 0.0015954767707835541 0.0011516356964166425 0.0006199362787197402
-0.5058449220942395 0.0015800017372931698 0.0011695128546187063 0.0006258395432631552
-0.5102547709510264 0.0015621949675584718 0.0011882451435380587 0.000632242317103864
-0.5146113964458949 0.0015417925254607467 0.001207957332307692 0.0006392074936178073
-0.518907187070355 0.001518526916105857 0.0012287838446626029 0.0006468024806379908
-0.5231337921810671 0.0014921392446923284 0.0012508662509188243 0.0006550978184623258
-0.5272821605112676 0.0014623922227325551 0.0012743493694704461 0.000664165099353784
-0.5313426206578485 0.0014290894880279036 0.0012993757773884572 0.0006740741460427083
-0.5353050125851238 0.0013920901805028593 0.001326078698084695 0.0006848893776012765
-0.5391588650430824 0.0013513247440618253 0.0013545733627009463 0.0006966654123775301
-0.5428936165259364 0.0013068100696789495 0.0013849471794037508 0.0007094421202092283
-0.5464988731841227 0.0012586601002380399 0.0014172493500504513 0.0007232394746296785
-0.5499646891521648 0.0012070932936168205 0.0014514808827572594 0.0007380526639726479
-0.5532818493315834 0.0011524283248835526 0.0014875860641854507 0.0007538479972731875
-0.5564421313355986 0.0010950585969432417 0.0015254458744414776 0.0007705600653978141
-0.5594385269844075 0.0010354530239407957 0.0015648747697555425 0.0007880903562771894
-0.5622653803390592 0.0009741245505020989 0.0016056227616218683 0.0008063076712652012
-0.5649185088860488 0.0009115908700333481 0.0016473779280408649 0.0008250518014993566
-0.5673951530529193 0.0008483528925634976 0.0016897765520985132 0.0008441363878984035
-0.5696939429815389 0.0007848979725860611 0.0017324123027681784 0.0008633547406578846
-0.571814798080372 0.0007216255444837173 0.001774848520176809 0.0008824873993246116
-0.5737587063244418 0.0006588764483897389 0.0018166317473050308 0.0009013073924527506
-0.5755275305082163 0.0005969159214024827 0.0018573039670923886 0.0009195864250154976
-0.5771237981332222 0.0005359286605209372 0.0018964140592915616 0.0009371006504053851
-0.5785504980765086 0.00047605657472115444 0.0019335279899803386 0.0009536359085254948
-0.5798108605576889 0.00041740586087643354 0.0019682374092467856 0.0009689918226517792
-0.5809082162163767 0.00035990741806816686 0.0020001656849212277 0.0009829843449015731
-0.5818458331844664 0.00030354427336705224 0.0020289740938259507 0.0009954489984584898
-0.5826266934538076 0.00024820354141786454 0.0020543640728414594 0.001006241402450823
-0.5832535283557483 0.0001938298036805787 0.0020760822181113935 0.0010152402418681988
-0.5837286337149384 0.00014032276431108685 0.002093920076801324 0.0010223464991119622
-0.5840537493158631 8.782891987898428e-05 0.002107714918029495 0.0010274839050258024
-0.5842301021825934 3.844776311391279e-05 0.0021173520661370375 0.001030599862975355
-0.5842584238994446 2.985518249128306e-05 0.0021227664620776516 0.0010316663333603086
