0,0.0,53946.078404581625,0.0,0.0,0
1,0.005394607840458162,53946.078404526634,0.0,0.0,0
2,0.010789215680905326,53946.078404359076,0.0,0.0,0
3,0.01618382352132998,53946.07840407108,0.0,0.0,0
4,0.021578431361719545,53946.07840364912,0.0,0.0,0
5,0.026973039202059804,53946.078403073385,0.0,0.0,0
6,0.03236764704233422,53946.07840231686,0.0,0.0,0
7,0.037762254882523175,53946.078401344035,0.0,0.0,0
8,0.04315686272260303,53946.07840010927,0.0,0.0,0
9,0.04855147056254503,53946.07839855464,0.0,0.0,0
10,0.053946078402313954,53946.07839660721,0.0,0.0,0
11,0.05934068624186647,53946.078394175645,0.0,0.0,0
12,0.06473529408114909,53946.07839114589,0.0,0.0,0
13,0.07012990192009565,53946.07838737587,0.0,0.0,0
14,0.07552450975862425,53946.078382688785,0.0,0.0,0
15,0.0809191175966334,53946.078376864854,0.0,0.0,0
16,0.08631372543399722,53946.078369630995,0.0,0.0,0
17,0.09170833327055959,53946.07836064732,0.0,0.0,0
18,0.09710294110612668,53946.0783494914,0.0,0.0,0
19,0.10249754894045787,53946.07833563921,0.0,0.0,0
20,0.10789215677325452,53946.07831844022,0.0,0.0,0
21,0.11328676460414591,53946.078297086635,0.0,0.0,0
22,0.11868137243267185,53946.07827057543,0.0,0.0,0
23,0.124075980258261,53946.078237661044,0.0,0.0,0
24,0.12947058808020406,53946.078196796596,0.0,0.0,0
25,0.13486519589762033,53946.07814606073,0.0,0.0,0
26,0.1402598037094162,53946.07808306649,0.0,0.0,0
27,0.1456544115142336,53946.078004847666,0.0,0.0,0
28,0.15104901931038572,53946.077907716965,0.0,0.0,0
29,0.156443627095777,53946.07778708845,0.0,0.0,0
30,0.1618382348678034,53946.07763725489,0.0,0.0,0
31,0.16723284262322796,53946.077451107645,0.0,0.0,0
32,0.17262745035802493,53946.07721978262,0.0,0.0,0
33,0.1780220580671845,53946.07693219199,0.0,0.0,0
34,0.18341666574446333,53946.07657444568,0.0,0.0,0
35,0.18881127338207362,53946.07612913052,0.0,0.0,0
36,0.19420588097028943,53946.075574338385,0.0,0.0,0
37,0.1996004884969413,53946.07488237568,0.0,0.0,0
38,0.20499509594676454,53946.07401804381,0.0,0.0,0
39,0.21038970330055004,53946.07293629357,0.0,0.0,0
40,0.21578431053402325,53946.07157896319,0.0,0.0,0
41,0.22117891761634267,53946.069870147076,0.0,0.0,0
42,0.22657352450805268,53946.06770947795,0.0,0.0,0
43,0.23196813115823828,53946.06496217186,0.0,0.0,0
44,0.23736273750048706,53946.061443970386,0.0,0.0,0
45,0.24275734344703237,53946.05689792271,0.0,0.0,0
46,0.2481519488800716,53946.05095794221,0.0,0.0,0
47,0.25354655363862083,53946.04309064007,0.0,0.0,0
48,0.2589411574981996,53946.03250098537,0.0,0.0,0
49,0.2643357601388179,53946.017974913935,0.0,0.0,0
50,0.2697303610931824,53945.9976160293,0.0,0.0,0
51,0.2751249596620237,53945.968407956214,0.0,0.0,0
52,0.28051955477477364,53945.92547842949,0.0,0.0,0
53,0.2859141447577096,53945.86089990266,0.0,0.0,0
54,0.2913087269547541,53945.7619039352,0.0,0.0,0
55,0.29670329713849664,53945.60872008877,0.0,0.0,0
56,0.3020978486987719,53945.373184930446,0.0,0.0,0
57,0.3074923717754827,53945.02029791194,0.0,0.0,0
58,0.31288685275835426,53944.51366189638,0.0,0.0,0
59,0.318281274507862,53943.82135995724,0.0,0.0,0
60,0.3236756170303457,53942.91719088811,0.0,0.0,0
61,0.3290698579460396,53941.77698956863,0.0,0.0,0
62,0.3344639724282594,53940.37372128508,0.0,0.0,0
63,0.3398579326902966,53938.67365720178,0.0,0.0,0
64,0.3452517071596998,53936.63356212363,0.0,0.0,0
65,0.3506452594027214,53934.19817879891,0.0,0.0,0
66,0.35603854679545965,53931.29754266847,0.0,0.0,0
67,0.36143151891125513,53927.84423689304,0.0,0.0,0
68,0.3668241156428383,53923.73024662064,0.0,0.0,0
69,0.37221626496057925,53918.823113497645,0.0,0.0,0
70,0.3776078802655378,53912.961501463185,0.0,0.0,0
71,0.3829988572608719,53905.949892140554,0.0,0.0,0
72,0.3883890702439659,53897.552184876426,0.0,0.0,0
73,0.3937783676978472,53887.48395051901,0.0,0.0,0
74,0.3991665670340697,53875.40305895258,0.0,0.0,0
75,0.4045534483096377,53860.898363741675,0.0,0.0,0
76,0.40993874670681807,53843.47608163762,0.0,0.0,0
77,0.41532214352596525,53822.54345047189,0.0,0.0,0
78,0.42070325539691245,53797.389185903005,0.0,0.0,0
79,0.4260816213631458,53767.16018460334,0.0,0.0,0
80,0.4314566874338331,53730.833839969295,0.0,0.0,0
81,0.43682778813113965,53687.18525350128,0.0,0.0,0
82,0.4421941244845333,53634.74855479469,0.0,0.0,0
83,0.4475547378420986,53571.771503935015,0.0,0.0,0
84,0.4529084787853203,53496.16143249086,0.0,0.0,0
85,0.45825397012859675,53405.42360432727,0.0,0.0,0
86,0.4635895635061858,53296.593835741194,0.0,0.0,0
87,0.468913288895745,53166.160469634204,0.0,0.0,0
88,0.47422279560011266,53009.97633611857,0.0,0.0,0
89,0.47951528416296874,52823.1654191762,0.0,0.0,0
90,0.48478742868394786,52600.02636864432,0.0,0.0,0
91,0.4900352894366976,52333.92986503138,0.0,0.0,0
92,0.4952542146569542,52017.23030090286,0.0,0.0,0
93,0.5004387354968782,51641.21583537455,0.0,0.0,0
94,0.5055824578240291,51196.09378523095,0.0,0.0,0
95,0.5106779542539244,50671.036992955625,0.0,0.0,0
96,0.5157166652226202,50054.32982161978,0.0,0.0,0
97,0.5206888202182482,49333.640204823445,0.0,0.0,0
98,0.5255833932635848,48496.29818876629,0.0,0.0,0
99,0.5303880798560016,47529.966968115,0.0,0.0,0
100,0.5350893866572078,46423.51476771676,0.0,0.0,0
101,0.5396727828095449,45167.6768943187,0.0,0.0,0
102,0.5441229220360716,43756.07977430975,0.0,0.0,0
103,0.5484239987644068,42186.21046518595,0.0,0.0,0
104,0.5525601641291088,40460.00516057769,0.0,0.0,0
105,0.5565159997965224,38584.2875137537,0.0,0.0,0
106,0.5602770216318596,36570.831981756586,0.0,0.0,0
107,0.5638301661928737,34435.91935132101,0.0,0.0,0
108,0.5671642055021238,32199.199565720417,0.0,0.0,0
109,0.5702700061060179,29883.058480540076,0.0,0.0,0
110,0.5731408171982318,27511.168070190433,0.0,0.0,0
111,0.575772239720056,25106.82734489916,0.0,0.0,0
112,0.5781621826672116,22692.162713708356,0.0,0.0,0
113,0.5803106722627976,20286.722122464424,0.0,0.0,0
114,0.5822195270917045,17907.620195957035,0.0,0.0,0
115,0.5838921963019891,15568.070604417466,0.0,0.0,0
116,0.5853331412125881,13276.304435177957,0.0,0.0,0
117,0.5865474571890247,11036.684482481614,0.0,0.0,0
118,0.5875404781090844,8849.235972711065,0.0,0.0,0
119,0.5883173043835669,6709.021324729269,0.0,0.0,0
120,0.5888822823740303,4609.052393298837,0.0,0.0,0
121,0.5892391148622267,2539.428141031803,0.0,0.0,0
122,0.5893901680022366,486.6428214765489,0.0,0.0,0
123,0.589336443426522,-1562.9155724598504,0.0,0.0,0
124,0.5890775848877448,-3622.8376501459934,0.0,0.0,0
125,0.5886118758964929,-5706.782742475016,0.0,0.0,0
126,0.5879362283392497,-7826.377640371444,0.0,0.0,0
127,0.5870466003684186,-9991.069224967661,0.0,0.0,0
128,0.5859380144942562,-12206.513837884413,0.0,0.0,0
129,0.5846052976008417,-14474.132291755295,0.0,0.0,0
130,0.5830431880359052,-16792.51604489637,0.0,0.0,0
131,0.5812467943918624,-19154.567015356108,0.0,0.0,0
132,0.579212274632834,-21549.25927068447,0.0,0.0,0
133,0.5769369425377255,-23961.896771791067,0.0,0.0,0
134,0.5744198952784757,-26373.772353067907,0.0,0.0,0
135,0.5716621880671119,-28763.931697702745,0.0,0.0,0
136,0.5686671089389351,-31109.48419029104,0.0,0.0,0
137,0.5654402912290537,-33386.744399695155,0.0,0.0,0
138,0.5619897600589961,-35572.61413887558,0.0,0.0,0
139,0.5583257684012787,-37645.95122316613,0.0,0.0,0
140,0.554460569814363,-39588.70244706667,0.0,0.0,0
141,0.5504080279118654,-41386.975824480556,0.0,0.0,0
142,0.5461831746494669,-43031.55678835063,0.0,0.0,0
143,0.5418017165541952,-44518.161283933405,0.0,0.0,0
144,0.5372795423926802,-45847.31287662442,0.0,0.0,0
145,0.5326322539788704,-47023.62981219945,0.0,0.0,0
146,0.5278748164302404,-48055.11558418786,0.0,0.0,0
147,0.5230212308620329,-48952.18757230207,0.0,0.0,0
148,0.51808437891578,-49726.646092990115,0.0,0.0,0
149,0.5130759016434349,-50391.09527604023,0.0,0.0,0
150,0.508006159860572,-50958.11897737693,0.0,0.0,0
151,0.5028842778479595,-51439.76094216526,0.0,0.0,0
152,0.4977182076721389,-51847.2893646893,0.0,0.0,0
153,0.49251481997502167,-52190.994905382,0.0,0.0,0
154,0.4872800086910625,-52480.09869195333,0.0,0.0,0
155,0.48201880023663096,-52722.74040035406,0.0,0.0,0
156,0.4767354606109917,-52926.01997724111,0.0,0.0,0
157,0.47143359624118275,-53096.07193492157,0.0,0.0,0
158,0.4661162462240074,-53238.15660838169,0.0,0.0,0
159,0.4607859649195064,-53356.75748070332,0.0,0.0,0
160,0.4554448947278667,-53455.677420844295,0.0,0.0,0
161,0.4500948294353375,-53538.12948014046,0.0,0.0,0
162,0.4447372688318386,-53606.81989753758,0.0,0.0,0
163,0.43937346545583,-53664.02232054746,0.0,0.0,0
164,0.4340044643677291,-53711.64310957101,0.0,0.0,0
165,0.4286311368339158,-53751.27810045727,0.0,0.0,0
166,0.42325420874763764,-53784.26147620234,0.0,0.0,0
167,0.4178742845386753,-53811.707531756205,0.0,0.0,0
168,0.4124918672412864,-53834.54615909716,0.0,0.0,0
169,0.40710737530685587,-53853.55286243159,0.0,0.0,0
170,0.40172115666880004,-53869.374055869244,0.0,0.0,0
171,0.396333500495682,-53882.548317116234,0.0,0.0,0
172,0.3909446470053768,-53893.524187329145,0.0,0.0,0
173,0.38555479565821615,-53902.67502993135,0.0,0.0,0
174,0.3801641119993905,-53910.31139360374,0.0,0.0,0
175,0.3747727333794954,-53916.69126637403,0.0,0.0,0
176,0.3693807737461157,-53922.028557999896,0.0,0.0,0
177,0.36398832766789546,-53926.50010694717,0.0,0.0,0
178,0.3585954737247263,-53930.25147595253,0.0,0.0,0
179,0.35320227737270493,-53933.40192932769,0.0,0.0,0
180,0.3478087933388607,-53936.04827644485,0.0,0.0,0
181,0.3424150677174159,-53938.26819862891,0.0,0.0,0
182,0.33702113969913494,-53940.12350247075,0.0,0.0,0
183,0.3316270430169218,-53941.662812011054,0.0,0.0,0
184,0.32623280713673275,-53942.924058458906,0.0,0.0,0
185,0.32083845820523005,-53943.93706115499,0.0,0.0,0
186,0.31544401972450176,-53944.72678830551,0.0,0.0,0
187,0.31004951284756893,-53945.31785416747,0.0,0.0,0
188,0.3046549561536683,-53945.739249369995,0.0,0.0,0
189,0.2992603649976949,-53946.02578044896,0.0,0.0,0
190,0.29386575099757845,-53946.21395448037,0.0,0.0,0
191,0.2884711222067988,-53946.33563605494,0.0,0.0,0
192,0.28307648387036743,-53946.41453116796,0.0,0.0,0
193,0.2776818393005652,-53946.46646500623,0.0,0.0,0
194,0.27228719057736617,-53946.50140132345,0.0,0.0,0
195,0.2668925390203005,-53946.525479386,0.0,0.0,0
196,0.261497885481489,-53946.5424793036,0.0,0.0,0
197,0.25610323052443984,-53946.55475256327,0.0,0.0,0
198,0.2507085745309764,-53946.56379211173,0.0,0.0,0
199,0.24531391776601752,-53946.57056690815,0.0,0.0,0
200,0.23991926041759476,-53946.57572000201,0.0,0.0,0
201,0.23452460262201713,-53946.57968796803,0.0,0.0,0
202,0.22912994448000118,-53946.582773991664,0.0,0.0,0
203,0.22373528606721882,-53946.585193304265,0.0,0.0,0
204,0.21834062744134033,-53946.58710189473,0.0,0.0,0
205,0.21294596864683987,-53946.58861496868,0.0,0.0,0
206,0.2075513097183466,-53946.58981903814,0.0,0.0,0
207,0.20215665068303224,-53946.59077999911,0.0,0.0,0
208,0.19676199156234678,-53946.59154864325,0.0,0.0,0
209,0.19136733237330358,-53946.5921645006,0.0,0.0,0
210,0.18597267312944665,-53946.59265857603,0.0,0.0,0
211,0.1805780138415884,-53946.59305535569,0.0,0.0,0
212,0.17518335451837552,-53946.59337426337,0.0,0.0,0
213,0.16978869516673573,-53946.59363073527,0.0,0.0,0
214,0.16439403579222847,-53946.59383708105,0.0,0.0,0
215,0.15899937639931952,-53946.59400314956,0.0,0.0,0
216,0.15360471699159856,-53946.59413683395,0.0,0.0,0
217,0.1482100575719527,-53946.59424446801,0.0,0.0,0
218,0.14281539814270494,-53946.59433113919,0.0,0.0,0
219,0.13742073870572485,-53946.594400936774,0.0,0.0,0
220,0.13202607926251758,-53946.594457149564,0.0,0.0,0
221,0.12663141981429496,-53946.59450242367,0.0,0.0,0
222,0.12123676036203286,-53946.59453888876,0.0,0.0,0
223,0.11584210090651721,-53946.59456825924,0.0,0.0,0
224,0.110447441448381,-53946.59459191545,0.0,0.0,0
225,0.10505278198813411,-53946.59461096889,0.0,0.0,0
226,0.09965812252618722,-53946.59462631466,0.0,0.0,0
227,0.09426346306287117,-53946.594638674,0.0,0.0,0
228,0.08886880359845242,-53946.59464862814,0.0,0.0,0
229,0.08347414413314555,-53946.59465664457,0.0,0.0,0
230,0.07807948466712351,-53946.59466309923,0.0,0.0,0
231,0.07268482520052572,-53946.594668294834,0.0,0.0,0
232,0.06729016573346455,-53946.59467247504,0.0,0.0,0
233,0.06189550626603071,-53946.594675835906,0.0,0.0,0
234,0.05650084679829737,-53946.594678535075,0.0,0.0,0
235,0.051106187330323696,-53946.594680699156,0.0,0.0,0
236,0.04571152786215754,-53946.59468242968,0.0,0.0,0
237,0.04031686839383776,-53946.59468380783,0.0,0.0,0
238,0.03492220892539598,-53946.59468489828,0.0,0.0,0
239,0.029527549456858107,-53946.594685752185,0.0,0.0,0
240,0.024132889988245546,-53946.594686409626,0.0,0.0,0
241,0.018738230519576182,-53946.594686901466,0.0,0.0,0
242,0.013343571050865251,-53946.5946872508,0.0,0.0,0
243,0.007948911582126024,-53946.59468747404,0.0,0.0,0
244,0.002554252113370444,-53946.59468758168,0.0,0.0,0
245,-0.0028404073553903115,-53946.59468757877,0.0,0.0,0
246,-0.00823506682414531,-53946.594687465156,0.0,0.0,0
247,-0.013629726292883344,-53946.59468723549,0.0,0.0,0
248,-0.01902438576159241,-53946.59468687899,0.0,0.0,0
249,-0.024419045230259142,-53946.59468637893,0.0,0.0,0
250,-0.029813704698868196,-53946.59468571184,0.0,0.0,0
251,-0.03520836416740151,-53946.59468484642,0.0,0.0,0
252,-0.040603023635837475,-53946.59468374208,0.0,0.0,0
253,-0.04599768310414992,-53946.594682347,0.0,0.0,0
254,-0.051392342572306876,-53946.59468059575,0.0,0.0,0
255,-0.05678700204026907,-53946.594678406196,0.0,0.0,0
256,-0.06218166150798811,-53946.59467567566,0.0,0.0,0
257,-0.0675763209754042,-53946.5946722761,0.0,0.0,0
258,-0.07297098044244332,-53946.594668048114,0.0,0.0,0
259,-0.07836563990901381,-53946.59466279343,0.0,0.0,0
260,-0.083760299375002,-53946.594656265064,0.0,0.0,0
261,-0.08915495884026682,-53946.594648156075,0.0,0.0,0
262,-0.09454961830463322,-53946.594638085706,0.0,0.0,0
263,-0.09994427776788396,-53946.59462558112,0.0,0.0,0
264,-0.10533893722974944,-53946.59461005517,0.0,0.0,0
265,-0.11073359668989499,-53946.59459077878,0.0,0.0,0
266,-0.1161282561479052,-53946.59456684672,0.0,0.0,0
267,-0.12152291560326434,-53946.59453713488,0.0,0.0,0
268,-0.12691757505533216,-53946.59450024734,0.0,0.0,0
269,-0.13231223450331378,-53946.59445445039,0.0,0.0,0
270,-0.13770689394622224,-53946.59439759044,0.0,0.0,0
271,-0.14310155338283187,-53946.594326991704,0.0,0.0,0
272,-0.14849621281162056,-53946.594239328566,0.0,0.0,0
273,-0.15389087223069758,-53946.59413046599,0.0,0.0,0
274,-0.15928553163771378,-53946.59399525965,0.0,0.0,0
275,-0.16468019102974954,-53946.59382730491,0.0,0.0,0
276,-0.17007485040317477,-53946.59361860141,0.0,0.0,0
277,-0.1754695097534698,-53946.59335915926,0.0,0.0,0
278,-0.1808641690750066,-53946.593036504164,0.0,0.0,0
279,-0.18625882836077062,-53946.592635008135,0.0,0.0,0
280,-0.19165348760200823,-53946.59213503298,0.0,0.0,0
281,-0.19704814678777724,-53946.59151180814,0.0,0.0,0
282,-0.20244280590436986,-53946.590733937344,0.0,0.0,0
283,-0.2078374649345647,-53946.58976137875,0.0,0.0,0
284,-0.2132321238566456,-53946.58854266225,0.0,0.0,0
285,-0.21862678264309715,-53946.587010977986,0.0,0.0,0
286,-0.22402144125884121,-53946.58507856059,0.0,0.0,0
287,-0.22941609965880927,-53946.582628451164,0.0,0.0,0
288,-0.23481075778453145,-53946.57950215655,0.0,0.0,0
289,-0.24020541555924058,-53946.57548079157,0.0,0.0,0
290,-0.24560007288068975,-53946.570255726394,0.0,0.0,0
291,-0.2509947296103858,-53946.56338210709,0.0,0.0,0
292,-0.25638938555711116,-53946.55420240814,0.0,0.0,0
293,-0.26178404045086745,-53946.541723107825,0.0,0.0,0
294,-0.2671786939017327,-53946.52441155372,0.0,0.0,0
295,-0.2725733453331782,-53946.49985222426,0.0,0.0,0
296,-0.2779679938721775,-53946.464167778904,0.0,0.0,0
297,-0.28336263816673396,-53946.41106085709,0.0,0.0,0
298,-0.288757276084349,-53946.33031248857,0.0,0.0,0
299,-0.2941519042292317,-53946.205729605696,0.0,0.0,0
300,-0.29954651723027015,-53946.013165232325,0.0,0.0,0
301,-0.3049411068622782,-53945.720395020515,0.0,0.0,0
302,-0.31033566130927426,-53945.290841118054,0.0,0.0,0
303,-0.31573016503050183,-53944.6899411424,0.0,0.0,0
304,-0.32112459929750276,-53943.889015492285,0.0,0.0,0
305,-0.3265189428336003,-53942.863566325716,0.0,0.0,0
306,-0.3319131720107679,-53941.58848548219,0.0,0.0,0
307,-0.33730726053069676,-53940.03361664997,0.0,0.0,0
308,-0.34270117873409794,-53938.16049212017,0.0,0.0,0
309,-0.3480948926291208,-53935.91973935718,0.0,0.0,0
310,-0.35348836268196937,-53933.24866483313,0.0,0.0,0
311,-0.3588815423620874,-53930.06856566425,0.0,0.0,0
312,-0.36427437639510224,-53926.281647452364,0.0,0.0,0
313,-0.3696667986915779,-53921.767525802214,0.0,0.0,0
314,-0.3750587299002627,-53916.3791339231,0.0,0.0,0
315,-0.38045007451836255,-53909.937856698874,0.0,0.0,0
316,-0.3858407174716025,-53902.22767933734,0.0,0.0,0
317,-0.39123052005423004,-53892.98811199116,0.0,0.0,0
318,-0.3966193150940007,-53881.90562486546,0.0,0.0,0
319,-0.4020069011792031,-53868.60329560326,0.0,0.0,0
320,-0.40739303575312136,-53852.628329362866,0.0,0.0,0
321,-0.4127774268450757,-53833.43706179144,0.0,0.0,0
322,-0.41815972316547967,-53810.37699629245,0.0,0.0,0
323,-0.4235395022443342,-53782.66535878012,0.0,0.0,0
324,-0.42891625623723567,-53749.363575138836,0.0,0.0,0
325,-0.43428937495936193,-53709.34699282376,0.0,0.0,0
326,-0.4396581256358004,-53661.2671141067,0.0,0.0,0
327,-0.4450216283821833,-53603.510571607156,0.0,0.0,0
328,-0.45037882775012184,-53534.15204243902,0.0,0.0,0
329,-0.4557284587906711,-53450.89596008712,0.0,0.0,0
330,-0.46106900694213926,-53351.010626996096,0.0,0.0,0
331,-0.4663986609160703,-53231.253745177644,0.0,0.0,0
332,-0.4717152576911748,-53087.78931794327,0.0,0.0,0
333,-0.47701621877965894,-52916.097023763774,0.0,0.0,0
334,-0.48229847709592755,-52710.87655871076,0.0,0.0,0
335,-0.4875583940914011,-52465.95148498512,0.0,0.0,0
336,-0.49279166739292457,-52174.17994930499,0.0,0.0,0
337,-0.4979932300812621,-51827.36969719209,0.0,0.0,0
338,-0.503157141332363,-51416.222587694625,0.0,0.0,0
339,-0.508276474598801,-50930.37119927605,0.0,0.0,0
340,-0.5133432155722182,-50358.487609369324,0.0,0.0,0
341,-0.5183481721206749,-49688.479776346845,0.0,0.0,0
342,-0.5232809115274876,-48907.841506276876,0.0,0.0,0
343,-0.5281297404219303,-48003.973748532604,0.0,0.0,0
344,-0.5328817062771941,-46965.01842733563,0.0,0.0,0
345,-0.5375227441073974,-45780.744310728725,0.0,0.0,0
346,-0.5420378551393399,-44443.323025894744,0.0,0.0,0
347,-0.5464114087125764,-42948.29538756488,0.0,0.0,0
348,-0.5506275142168529,-41295.40252694342,0.0,0.0,0
349,-0.554670489217965,-39489.18387605052,0.0,0.0,0
350,-0.5585253509920629,-37539.11515198301,0.0,0.0,0
351,-0.5621783122483616,-35459.36224805541,0.0,0.0,0
352,-0.565617223441674,-33268.07354455391,0.0,0.0,0
353,-0.5688319269572724,-30986.598566234272,0.0,0.0,0
354,-0.5718145431549209,-28638.13767797996,0.0,0.0,0
355,-0.5745595544928684,-26246.24363618488,0.0,0.0,0
356,-0.5770637918821578,-23833.824730585515,0.0,0.0,0
357,-0.5793263194389855,-21421.825213276737,0.0,0.0,0
358,-0.5813481569248131,-19028.586595628796,0.0,0.0,0
359,-0.5831320367581112,-16668.705632058016,0.0,0.0,0
360,-0.5846818980512247,-14353.103893677457,0.0,0.0,0
361,-0.5860026575368467,-12088.443800211717,0.0,0.0,0
362,-0.5870995868112671,-9875.985529613421,0.0,0.0,0
363,-0.5879778546427694,-7713.940747893971,0.0,0.0,0
364,-0.5886423749608459,-5596.52154636842,0.0,0.0,0
365,-0.5890971589520432,-3514.236627111356,0.0,0.0,0
366,-0.5893452222862683,-1455.2545897677394,0.0,0.0,0
367,-0.5893882098699967,594.0776631539245,0.0,0.0,0
