0.0 0.0 -0.004 0.0
0.0047388251671343605 8.673617379884035e-19 -0.004000000000053355 0.0
0.009477650334014851 0.0 -0.004000000000215432 8.673617379884035e-19
0.014216475500378634 0.0 -0.004000000000492049 0.0
0.018955300665943867 0.0 -0.00400000000089324 8.673617379884035e-19
0.02369412583039997 0.0 -0.00400000000143352 0.0
0.028432950993396648 6.938893903907228e-18 -0.004000000002132382 0.0
0.033171776154529764 0.0 -0.0040000000030151715 0.0
0.037910601313330065 6.938893903907228e-18 -0.004000000004113668 0.0
0.042649426469240546 6.938893903907228e-18 -0.004000000005467759 0.0
0.047388251621602526 6.938893903907228e-18 -0.004000000007126325 0.0
0.05212707676962724 6.938893903907228e-18 -0.004000000009149408 8.673617379884035e-19
0.056865901912369454 0.0 -0.004000000011610201 0.0
0.06160472704869523 6.938893903907228e-18 -0.004000000014597526 0.0
0.06634355217723348 0.0 -0.004000000018219673 0.0
0.07108237729634052 0.0 -0.004000000022607142 0.0
0.07582120240401918 0.0 -0.004000000027919121 0.0
0.08056002749786911 1.3877787807814457e-17 -0.004000000034347405 0.0
0.08529885257498435 1.3877787807814457e-17 -0.004000000042124592 0.0
0.09003767763185384 1.3877787807814457e-17 -0.004000000051532036 8.673617379884035e-19
0.09477650266424574 1.3877787807814457e-17 -0.004000000062909126 0.0
0.09951532766702091 0.0 -0.0040000000766682 8.673617379884035e-19
0.10425415263400403 1.3877787807814457e-17 -0.004000000093304895 0.0
0.10899297755768207 1.3877787807814457e-17 -0.004000000113422306 8.673617379884035e-19
0.11373180242901139 1.3877787807814457e-17 -0.004000000137746439 0.0
0.11847062723704113 1.3877787807814457e-17 -0.004000000167156344 8.673617379884035e-19
0.12320945196852805 1.3877787807814457e-17 -0.0040000002027149525 0.0
0.12794827660751482 0.0 -0.00400000024570276 0.0
0.13268710113461296 0.0 -0.004000000297675077 0.0
0.13742592552652566 2.7755575615628914e-17 -0.00400000036049996 8.673617379884035e-19
0.14216474975493162 0.0 -0.004000000436447014 0.0
0.14690357378573482 0.0 -0.004000000528246673 0.0
0.15164239757769324 2.7755575615628914e-17 -0.004000000639198466 0.0
0.1563812210809414 2.7755575615628914e-17 -0.004000000773286967 8.673617379884035e-19
0.16112004423548168 2.7755575615628914e-17 -0.00400000093529912 0.0
0.165858866968469 0.0 -0.004000001131035052 0.0
0.17059768919250337 2.7755575615628914e-17 -0.004000001367436748 0.0
0.17533651080160761 5.551115123125783e-17 -0.004000001652893856 0.0
0.1800753316684501 2.7755575615628914e-17 -0.004000001997445866 8.673617379884035e-19
0.18481415163959283 0.0 -0.004000002413127331 0.0
0.18955297053018785 2.7755575615628914e-17 -0.0040000029143396395 0.0
0.19429178811907344 0.0 -0.0040000035181723985 0.0
0.19903060413941323 2.7755575615628914e-17 -0.004000004245018746 8.673617379884035e-19
0.2037694182736158 2.7755575615628914e-17 -0.0040000051188364295 0.0
0.20850823014087974 2.7755575615628914e-17 -0.004000006167857345 0.0
0.2132470392892948 0.0 -0.004000007424893769 8.673617379884035e-19
0.2179858451833207 2.7755575615628914e-17 -0.004000008927822026 0.0
0.22272464719033766 2.7755575615628914e-17 -0.004000010719946454 8.673617379884035e-19
0.22746344457151524 2.7755575615628914e-17 -0.004000012849944178 0.0
0.23220223646161822 2.7755575615628914e-17 -0.004000015372111784 0.0
0.23694102186487428 0.0 -0.00400001834569695 0.0
0.24167979963604694 2.7755575615628914e-17 -0.004000021834657087 8.673617379884035e-19
0.24641856847526777 5.551115123125783e-17 -0.004000025906967152 0.0
0.2511573269175719 0.0 -0.004000030634346621 0.0
0.25589607332120273 5.551115123125783e-17 -0.0040000360925833214 0.0
0.2606348058646739 5.551115123125783e-17 -0.004000042362500817 8.673617379884035e-19
0.26537352251918134 5.551115123125783e-17 -0.0040000495328021595 0.0
0.27011222104117744 0.0 -0.004000057703110082 0.0
0.2748508989286351 0.0 -0.00400006698944802 0.0
0.279589553383953 0.0 -0.00400007752952836 8.673617379884035e-19
0.2843281812542888 0.0 -0.004000089489282793 0.0
0.28906677894688343 5.551115123125783e-17 -0.004000103070805931 0.0
0.29380534235977857 0.0 -0.004000118518335961 0.0
0.29854386672494715 0.0 -0.004000136130837054 0.0
0.3032823465213217 5.551115123125783e-17 -0.004000156268398693 0.0
0.3080207752731036 0.0 -0.004000179367649819 0.0
0.31275914537733834 5.551115123125783e-17 -0.0040002059545573765 8.673617379884035e-19
0.31749744787765133 0.0 -0.004000236661241858 0.0
0.3222356721441454 0.0 -0.004000272249668946 0.0
0.3269738056400804 5.551115123125783e-17 -0.004000313627987581 0.0
0.33171183337753346 5.551115123125783e-17 -0.004000361889539237 0.0
0.33644973762831276 0.0 -0.004000418331213413 8.673617379884035e-19
0.34118749726667547 5.551115123125783e-17 -0.004000484497515256 0.0
0.3459250872025863 1.1102230246251565e-16 -0.004000562216056393 0.0
0.35066247770588727 5.551115123125783e-17 -0.004000653639307717 0.0
0.3553996333893554 5.551115123125783e-17 -0.004000761308724191 0.0
0.36013651257065116 5.551115123125783e-17 -0.004000888192539343 8.673617379884035e-19
0.36487306567267647 5.551115123125783e-17 -0.004001037789154712 0.0
0.36960923440257043 5.551115123125783e-17 -0.00400121417970005 8.673617379884035e-19
0.37434494991132283 5.551115123125783e-17 -0.004001422151078798 0.0
0.3790801310993668 5.551115123125783e-17 -0.0040016673117901054 0.0
0.38381468276602293 0.0 -0.004001956220479931 0.0
0.388548492458922 5.551115123125783e-17 -0.0040022966041093405 0.0
0.3932814286226345 5.551115123125783e-17 -0.0040026974893295 0.0
0.39801333584546605 0.0 -0.004003169531637802 0.0
0.40274403206048265 5.551115123125783e-17 -0.00400372521149429 0.0
0.4074733031613414 5.551115123125783e-17 -0.004004379206647431 0.0
0.41220089732321 5.551115123125783e-17 -0.004005148784183017 8.673617379884035e-19
0.41692651978127926 0.0 -0.004006054160411357 0.0
0.42164982242010074 0.0 -0.0040071192145779795 0.0
0.4263703983779708 1.1102230246251565e-16 -0.004008371858054353 0.0
0.43108776826021705 5.551115123125783e-17 -0.004009844974534969 8.673617379884035e-19
0.43580137030279303 5.551115123125783e-17 -0.004011577088078077 0.0
0.44051054618779356 5.551115123125783e-17 -0.004013613323878811 8.673617379884035e-19
0.4452145215999686 0.0 -0.004016006719607779 0.0
0.44991239336925437 1.1102230246251565e-16 -0.00401881908475751 0.0
0.4546030982927192 5.551115123125783e-17 -0.0040221230790752505 0.0
0.4592853962835145 5.551115123125783e-17 -0.004026003312607156 0.0
0.4639578383012494 5.551115123125783e-17 -0.004030558434825533 0.0
0.468618729244831 0.0 -0.004035903509663867 8.673617379884035e-19
0.47326610212094045 0.0 -0.00404217160377952 8.673617379884035e-19
0.4778976586842908 0.0 -0.004049517439325128 0.0
0.48251073726641563 5.551115123125783e-17 -0.0040581191851336565 8.673617379884035e-19
0.4871022650303887 1.1102230246251565e-16 -0.004068181070095002 0.0
0.49166867992754587 5.551115123125783e-17 -0.0040799374941227155 0.0
0.4962059013746228 5.551115123125783e-17 -0.004093653894978023 0.0
0.5007092679569379 1.1102230246251565e-16 -0.004109629027430005 0.0
0.5051734551063022 1.1102230246251565e-16 -0.004128197316881635 0.0
0.5095924573986812 0.0 -0.004149726958233895 0.0
0.5139595497107122 0.0 -0.004174617795031245 0.0
0.5182672376707538 0.0 -0.004203297181356116 8.673617379884035e-19
0.5225072695375599 1.1102230246251565e-16 -0.00423621096794627 0.0
0.526670682602049 0.0 -0.00427381072862607 0.0
0.5307478728118368 1.1102230246251565e-16 -0.004316536756365618 8.673617379884035e-19
0.5347287094782951 0.0 -0.0043647961157319455 8.673617379884035e-19
0.5386026993303092 1.1102230246251565e-16 -0.00441893603201774 0.0
0.5423591997607594 0.0 -0.004479213732320197 0.0
0.5459876742236167 1.1102230246251565e-16 -0.004545764939991353 0.0
0.5494779736562734 0.0 -0.0046185743686752954 0.0
0.5528206177538134 0.0 -0.004697452359186465 0.0
0.5560070407833821 0.0 -0.004782021929040301 8.673617379884035e-19
0.5590298987285793 0.0 -0.0048716908821835195 0.0
0.5618831570172675 0.0 -0.004965678368639762 0.0
0.5645622416540769 0.0 -0.005063017554459547 8.673617379884035e-19
0.5670639760610023 0.0 -0.0051625947855817545 0.0
0.5693867129183174 1.1102230246251565e-16 -0.005263158496593444 1.734723475976807e-18
0.5715300454386409 0.0 -0.005363379320884899 8.673617379884035e-19
0.5734946744760241 1.1102230246251565e-16 -0.005461884910119913 8.673617379884035e-19
0.5752822326692631 1.1102230246251565e-16 -0.00555729639281671 0.0
0.5768950726308846 0.0 -0.005648263731256532 0.0
0.5783360283790452 1.1102230246251565e-16 -0.005733497028771021 0.0
0.579608160899189 0.0 -0.005811790937722751 1.734723475976807e-18
0.5807147534150987 1.1102230246251565e-16 -0.005882042050515501 0.0
0.5816590033543304 0.0 -0.005943267611243709 0.0
0.5824438545908147 1.1102230246251565e-16 -0.0059946116323792995 0.0
0.5830719739238172 0.0 -0.006035356412586783 0.0
0.5835456553486089 0.0 -0.0060649252041247124 0.0
0.5838666300021123 0.0 -0.006082880637344681 8.673617379884035e-19
0.584036072608532 0.0 -0.006088928256770195 8.673617379884035e-19
0.5840546329508554 1.1102230246251565e-16 -0.006082920365676404 8.673617379884035e-19
0.583922394216338 0.0 -0.006064854524042459 1.734723475976807e-18
0.583638844412365 0.0 -0.0060348715798412755 8.673617379884035e-19
0.5832029568810342 0.0 -0.005993258650760372 0.0
0.5826131500198598 0.0 -0.005940444075481322 0.0
0.5818672813945583 1.1102230246251565e-16 -0.005876993176728166 8.673617379884035e-19
0.5809627268643207 1.1102230246251565e-16 -0.005803605588629738 8.673617379884035e-19
0.579896677581761 0.0 -0.00572111815176627 1.734723475976807e-18
0.5786659179737472 0.0 -0.005630488415752333 8.673617379884035e-19
0.5772672820030063 0.0 -0.005532790393923318 8.673617379884035e-19
0.5756976272548576 1.1102230246251565e-16 -0.005429196109988967 1.734723475976807e-18
0.5739539966826185 1.1102230246251565e-16 -0.005320959915318421 1.734723475976807e-18
0.5720338753440825 0.0 -0.005209394355243745 8.673617379884035e-19
0.5699354323418229 1.1102230246251565e-16 -0.005095839175763357 8.673617379884035e-19
0.5676577370165642 0.0 -0.004981626359475552 0.0
0.5652009400771699 1.1102230246251565e-16 -0.004868044168816339 0.0
0.5625664123455184 0.0 -0.004756302980404508 8.673617379884035e-19
0.5597568368722073 1.1102230246251565e-16 -0.004647505131315353 0.0
0.556776482155564 0.0 -0.004542585197601149 0.0
0.5536309661362403 0.0 -0.004442319449339757 0.0
0.550327354894944 1.1102230246251565e-16 -0.0043472791034689295 8.673617379884035e-19
0.5468738868200846 1.1102230246251565e-16 -0.004257850759568089 0.0
0.5432798060722411 0.0 -0.004174235303537634 0.0
0.5395551170424582 0.0 -0.004096453720736153 0.0
0.5357102721795393 0.0 -0.004024383080188474 8.673617379884035e-19
0.5317558982028996 0.0 -0.003957783544325994 8.673617379884035e-19
0.5277025381790122 0.0 -0.003896327927452124 0.0
0.5235604290353222 1.1102230246251565e-16 -0.0038396305471901098 0.0
0.5193393249458679 1.1102230246251565e-16 -0.0037872730428420813 4.336808689942018e-19
0.5150483515546571 0.0 -0.0037388258156475607 4.336808689942018e-19
0.5106959242247582 0.0 -0.0036938655117714782 0.0
0.5062897202752813 0.0 -0.0036519872058942914 4.336808689942018e-19
0.5018366722025812 0.0 -0.00361281228641657 8.673617379884035e-19
0.49734297632439123 5.551115123125783e-17 -0.0035759933834993056 4.336808689942018e-19
0.4928141053039317 5.551115123125783e-17 -0.003541217448588676 0.0
0.4882548892724895 5.551115123125783e-17 -0.003508204655688738 0.0
0.48366956693949503 5.551115123125783e-17 -0.003476707275228177 8.673617379884035e-19
0.4790618110069542 0.0 -0.0034465091715237942 8.673617379884035e-19
0.47443481930368153 0.0 -0.003417421655103946 4.336808689942018e-19
0.46979136064079446 0.0 -0.003389281184043156 4.336808689942018e-19
0.4651338135306416 5.551115123125783e-17 -0.003361947276963534 4.336808689942018e-19
0.46046423241391243 5.551115123125783e-17 -0.0033352988625935977 0.0
0.45578437700774543 0.0 -0.003309232511982611 0.0
0.45109575596506574 5.551115123125783e-17 -0.0032836598814520875 8.673617379884035e-19
0.4463996648867735 0.0 -0.0032585054528868076 4.336808689942018e-19
0.44169720541514773 5.551115123125783e-17 -0.0032337053068082692 0.0
0.4369893229193093 0.0 -0.0032092049032087723 4.336808689942018e-19
0.43227682226056663 1.1102230246251565e-16 -0.0031849580699838034 4.336808689942018e-19
0.4275603903377342 1.1102230246251565e-16 -0.0031609256437585263 0.0
0.4228406140571482 0.0 -0.0031370743798335926 0.0
0.41811799140929645 5.551115123125783e-17 -0.003113376250786539 4.336808689942018e-19
0.41339294864428255 5.551115123125783e-17 -0.0030898074367539203 0.0
0.40866584709758574 5.551115123125783e-17 -0.003066347883404979 4.336808689942018e-19
0.4039369952739619 0.0 -0.003042980594292608 4.336808689942018e-19
0.3992066557520319 0.0 -0.0030196912092846 4.336808689942018e-19
0.394475051655162 5.551115123125783e-17 -0.002996467615181492 0.0
0.38974237365030695 0.0 -0.0029732995387734013 0.0
0.3850087830251497 5.551115123125783e-17 -0.0029501783495295996 0.0
0.38027441769807774 5.551115123125783e-17 -0.0029270967193150924 0.0
0.37553939460462243 0.0 -0.0029040484722500253 4.336808689942018e-19
0.3708038133315727 0.0 -0.0028810283771117996 0.0
0.36606775859203794 0.0 -0.0028580320029052545 8.673617379884035e-19
0.36133130213326586 5.551115123125783e-17 -0.0028350556067621084 0.0
0.3565945051302628 1.1102230246251565e-16 -0.0028120960034716345 4.336808689942018e-19
0.35185741906742796 0.0 -0.002789150511518564 4.336808689942018e-19
0.3471200877369393 5.551115123125783e-17 -0.0027662168501247164 4.336808689942018e-19
0.3423825480420755 0.0 -0.002743293095765717 4.336808689942018e-19
0.3376448311436555 0.0 -0.002720377624580701 4.336808689942018e-19
0.3329069633401965 5.551115123125783e-17 -0.0026974690685241235 4.336808689942018e-19
0.3281689666911482 0.0 -0.0026745662842354635 0.0
0.32343085985398323 0.0 -0.0026516683114576737 8.673617379884035e-19
0.31869265842461564 0.0 -0.002628774355351945 0.0
0.31395437559622513 0.0 -0.0026058837527334266 4.336808689942018e-19
0.30921602246786845 0.0 -0.002582995955390515 4.336808689942018e-19
0.30447760841796834 0.0 -0.002560110510038958 4.336808689942018e-19
0.299739141406967 5.551115123125783e-17 -0.002537227041854918 4.336808689942018e-19
0.2950006281755928 5.551115123125783e-17 -0.0025143452433926622 0.0
0.29026207450680624 5.551115123125783e-17 -0.0024914648604675432 0.0
0.28552348533823035 0.0 -0.002468585685771305 4.336808689942018e-19
0.280784864950691 5.551115123125783e-17 -0.0024457075487106603 0.0
0.2760462170646417 0.0 -0.0024228303099027466 4.336808689942018e-19
0.2713075449436813 0.0 -0.002399953855152179 0.0
0.26656885148042025 0.0 -0.00237707809010268 0.0
0.2618301392460354 0.0 -0.0023542029363758854 0.0
0.25709141055504775 5.551115123125783e-17 -0.002331328326961934 0.0
0.2523526674849721 0.0 -0.0023084542035116586 4.336808689942018e-19
0.24761391191259324 2.7755575615628914e-17 -0.002285580513481111 0.0
0.2428751455246739 2.7755575615628914e-17 -0.0022627072085860383 4.336808689942018e-19
0.2381363698301821 0.0 -0.0022398342438482845 4.336808689942018e-19
0.23339758617333847 2.7755575615628914e-17 -0.002216961577203778 4.336808689942018e-19
0.22865879573509545 5.551115123125783e-17 -0.0021940891696438074 0.0
0.2239199995522725 0.0 -0.0021712169852764075 4.336808689942018e-19
0.2191811985202011 2.7755575615628914e-17 -0.0021483449916874235 0.0
0.21444239341139062 2.7755575615628914e-17 -0.0021254731599205075 0.0
0.20970358488559543 2.7755575615628914e-17 -0.0021026014645248847 0.0
0.2049647735026034 2.7755575615628914e-17 -0.002079729883424184 4.336808689942018e-19
0.20022595973717697 2.7755575615628914e-17 -0.0020568583976111558 0.0
0.19548714398666311 2.7755575615628914e-17 -0.002033986990991009 4.336808689942018e-19
0.1907483265861153 0.0 -0.0020111156499172575 0.0
0.18600950781441788 2.7755575615628914e-17 -0.0019882443629917305 4.336808689942018e-19
0.18127068790492398 0.0 -0.0019653731206810167 0.0
0.17653186705193766 5.551115123125783e-17 -0.0019425019150660016 2.168404344971009e-19
0.1717930454167553 2.7755575615628914e-17 -0.0019196307395999512 2.168404344971009e-19
0.1670542231339419 0.0 -0.0018967595888550789 4.336808689942018e-19
0.16231540031445058 2.7755575615628914e-17 -0.0018738884583853021 2.168404344971009e-19
0.15757657705083228 0.0 -0.001851017344513594 0.0
0.15283775341945768 0.0 -0.0018281462442318137 2.168404344971009e-19
0.1480989294837507 0.0 -0.0018052751550661245 0.0
0.1433601052962514 0.0 -0.00178240407498806 2.168404344971009e-19
0.1386212809003562 0.0 -0.0017595330023396864 4.336808689942018e-19
0.13388245633216322 0.0 -0.0017366619357575691 0.0
0.12914363162133682 2.7755575615628914e-17 -0.0017137908741334947 0.0
0.1244048067925704 0.0 -0.0016909198165561043 2.168404344971009e-19
0.11966598186621537 1.3877787807814457e-17 -0.0016680487622830855 0.0
0.1149271568591421 2.7755575615628914e-17 -0.0016451777107067095 2.168404344971009e-19
0.11018833178531859 1.3877787807814457e-17 -0.0016223066613301096 4.336808689942018e-19
0.10544950665626704 1.3877787807814457e-17 -0.0015994356137485708 4.336808689942018e-19
0.10071068148157085 0.0 -0.0015765645676299657 2.168404344971009e-19
0.09597185626909792 0.0 -0.0015536935227050976 0.0
0.09123303102539604 1.3877787807814457e-17 -0.0015308224787530505 0.0
0.08649420575586367 1.3877787807814457e-17 -0.0015079514355941595 2.168404344971009e-19
0.08175538046497348 0.0 -0.0014850803930816947 0.0
0.07701655515643113 0.0 -0.0014622093510958754 4.336808689942018e-19
0.07227772983329289 1.3877787807814457e-17 -0.0014393383095393786 0.0
0.06753890449810311 0.0 -0.0014164672683324938 2.168404344971009e-19
0.06280007915295263 0.0 -0.0013935962274107764 2.168404344971009e-19
0.05806125379958367 6.938893903907228e-18 -0.0013707251867215028 2.168404344971009e-19
0.053322428439436666 1.3877787807814457e-17 -0.0013478541462219266 2.168404344971009e-19
0.04858360307370837 6.938893903907228e-18 -0.001324983105877305 0.0
0.043844777703395475 0.0 -0.0013021120656594271 2.168404344971009e-19
0.03910595232932562 0.0 -0.0012792410255455598 2.168404344971009e-19
0.03436712695219465 0.0 -0.0012563699855172752 0.0
0.029628301572583508 3.469446951953614e-18 -0.0012334989455598955 0.0
0.02488947619098609 0.0 -0.0012106279056616652 0.0
0.020150650807823543 0.0 -0.0011877568658133436 0.0
0.01541182542346058 1.734723475976807e-18 -0.0011648858260077648 2.168404344971009e-19
0.010673000038219011 1.734723475976807e-18 -0.001142014786239499 2.168404344971009e-19
0.005934174652388129 8.673617379884035e-19 -0.0011191437465046519 0.0
0.0011953492662365702 0.0 -0.0010962727068006034 0.0
-0.0035434761199790404 4.336808689942018e-19 -0.0010734016671259427 2.168404344971009e-19
-0.008282301506004255 0.0 -0.0010505306274803067 2.168404344971009e-19
-0.013021126891577669 0.0 -0.0010276595878643596 2.168404344971009e-19
-0.017759952276421496 3.469446951953614e-18 -0.0010047885482797596 2.168404344971009e-19
-0.022498777660232023 3.469446951953614e-18 -0.0009819175087291548 0.0
-0.027237603042667143 3.469446951953614e-18 -0.0009590464692162735 0.0
-0.03197642842333664 0.0 -0.0009361754297459244 0.0
-0.03671525380178428 6.938893903907228e-18 -0.0009133043903241957 1.0842021724855044e-19
-0.04145407917747513 6.938893903907228e-18 -0.0008904333509585086 1.0842021724855044e-19
-0.046192904549773865 6.938893903907228e-18 -0.0008675623116578432 1.0842021724855044e-19
-0.05093172991792195 6.938893903907228e-18 -0.0008446912724329457 0.0
-0.055670555281013626 0.0 -0.0008218202332965247 1.0842021724855044e-19
-0.06040938063795496 6.938893903907228e-18 -0.0007989491942636956 0.0
-0.06514820598743655 0.0 -0.0007760781553521264 1.0842021724855044e-19
-0.06988703132787111 0.0 -0.0007532071165826958 1.0842021724855044e-19
-0.07462585665735005 0.0 -0.0007303360779797459 1.0842021724855044e-19
-0.07936468197356689 1.3877787807814457e-17 -0.000707465039571747 0.0
-0.08410350727373236 0.0 -0.0006845940013919413 1.0842021724855044e-19
-0.08884233255448958 1.3877787807814457e-17 -0.000661722963478835 0.0
-0.09358115781175769 0.0 -0.0006388519258774792 0.0
-0.09831998304063289 0.0 -0.0006159808886397338 1.0842021724855044e-19
-0.10305880823515688 1.3877787807814457e-17 -0.0005931098518259878 0.0
-0.10779763338814881 0.0 -0.0005702388155056958 0.0
-0.11253645849092457 0.0 -0.0005473677797588971 0.0
-0.11727528353296891 1.3877787807814457e-17 -0.0005244967446777319 0.0
-0.12201410850162726 1.3877787807814457e-17 -0.0005016257103671499 0.0
-0.12675293338150362 2.7755575615628914e-17 -0.0004787546769479957 5.421010862427522e-20
-0.131491758154096 0.0 -0.0004558836445567199 5.421010862427522e-20
-0.1362305827969369 2.7755575615628914e-17 -0.00043301261334890767 1.0842021724855044e-19
-0.1409694072829413 2.7755575615628914e-17 -0.0004101415834994403 1.0842021724855044e-19
-0.14570823157938279 0.0 -0.0003872705552044821 0.0
-0.1504470556466344 0.0 -0.0003643995286833834 0.0
-0.15518587943706483 0.0 -0.0003415285041771266 5.421010862427522e-20
-0.15992470289274874 0.0 -0.00031865748195272645 5.421010862427522e-20
-0.16466352594415087 2.7755575615628914e-17 -0.000295786462297285 0.0
-0.16940234850700636 2.7755575615628914e-17 -0.0002729154455200459 0.0
-0.17414117047987593 2.7755575615628914e-17 -0.0002500444319450954 0.0
-0.17887999174055577 2.7755575615628914e-17 -0.000227173421905091 0.0
-0.1836188121414679 0.0 -0.0002043024157328312 2.710505431213761e-20
-0.18835763150599955 0.0 -0.00018143141374082387 0.0
-0.19309644962037958 2.7755575615628914e-17 -0.00015856041620935786 0.0
-0.19783526622956804 0.0 -0.00013568942334873176 0.0
-0.2025740810271789 0.0 -0.00011281843526923744 1.3552527156068805e-20
-0.20731289364786668 0.0 -8.994745193006944e-05 1.3552527156068805e-20
-0.2120517036572021 0.0 -6.707647308129902e-05 0.0
-0.21679051053857076 2.7755575615628914e-17 -4.420549819595768e-05 6.776263578034403e-21
-0.22152931368536616 0.0 -2.133452638450466e-05 3.3881317890172014e-21
-0.22626811238088645 0.0 1.5364436901256594e-06 2.117582368135751e-22
-0.2310069057931781 0.0 2.4407413910107857e-05 3.3881317890172014e-21
-0.23574569295682438 0.0 4.7278386793308994e-05 6.776263578034403e-21
-0.24048447276396367 0.0 7.014936557709682e-05 0.0
-0.24522324395440998 0.0 9.302035428967541e-05 1.3552527156068805e-20
-0.24996200510151084 5.551115123125783e-17 0.00011589135781563471 1.3552527156068805e-20
-0.2547007546116625 0.0 0.00013876238196026649 0.0
-0.25943949070160516 5.551115123125783e-17 0.00016163343355917167 2.710505431213761e-20
-0.26417821139688163 5.551115123125783e-17 0.00018450452063459053 2.710505431213761e-20
-0.26891691450336763 5.551115123125783e-17 0.00020737565268052715 0.0
-0.27365559758105307 5.551115123125783e-17 0.00023024684106886438 0.0
-0.27839425790555633 0.0 0.00025311809960891306 0.0
-0.2831328924009562 5.551115123125783e-17 0.00027598944534931095 5.421010862427522e-20
-0.287871497589346 0.0 0.00029886089941570524 0.0
-0.2926100694705083 0.0 0.00032173248834320244 5.421010862427522e-20
-0.2973486034457682 0.0 0.00034460424530307585 5.421010862427522e-20
-0.3020870941650945 0.0 0.0003674762119679096 5.421010862427522e-20
-0.30682553537748136 0.0 0.0003903484405900974 0.0
-0.31156391976162 0.0 0.00041322099646910103 5.421010862427522e-20
-0.3163022386522096 0.0 0.00043609396152816387 0.0
-0.32104048185717154 0.0 0.0004589674375464122 5.421010862427522e-20
-0.32577863723017236 0.0 0.00048184155178881223 5.421010862427522e-20
-0.33051669040552034 0.0 0.0005047164617418567 1.0842021724855044e-19
-0.33525462429106617 5.551115123125783e-17 0.0005275923624106739 1.0842021724855044e-19
-0.3399924185595424 0.0 0.0005504694942055572 0.0
-0.3447300491307805 5.551115123125783e-17 0.0005733481514600298 0.0
-0.34946748727117893 5.551115123125783e-17 0.0005962286953278324 0.0
-0.35420469907985114 0.0 0.0006191115637758393 1.0842021724855044e-19
-0.3589416442032367 1.1102230246251565e-16 0.0006419972903619427 0.0
-0.36367827506344474 5.551115123125783e-17 0.0006648865193188734 2.168404344971009e-19
-0.3684145354362135 5.551115123125783e-17 0.0006877800292069285 0.0
-0.3731503589377522 0.0 0.0007106787600544417 0.0
-0.3778856676442478 0.0 0.0007335838416432486 1.0842021724855044e-19
-0.38262036934630517 5.551115123125783e-17 0.0007564966411404843 0.0
-0.38735435611193786 5.551115123125783e-17 0.0007794187987809303 1.0842021724855044e-19
-0.3920875005145274 0.0 0.0008023522967966312 1.0842021724855044e-19
-0.396819653100702 5.551115123125783e-17 0.0008252995176258493 1.0842021724855044e-19
-0.4015506382555051 5.551115123125783e-17 0.0008482633286402433 0.0
-0.40628024921000966 0.0 0.0008712471857626461 0.0
-0.41100824412618114 1.1102230246251565e-16 0.0008942552288202632 1.0842021724855044e-19
-0.41573433709514995 5.551115123125783e-17 0.0009172924604159817 0.0
-0.4204581938829016 5.551115123125783e-17 0.0009403648643560354 1.0842021724855044e-19
-0.4251794208630577 5.551115123125783e-17 0.0009634796394383302 1.0842021724855044e-19
-0.42989755626277865 5.551115123125783e-17 0.0009866454119471426 2.168404344971009e-19
-0.4346120590600039 5.551115123125783e-17 0.0010098725003550328 2.168404344971009e-19
-0.43932229212245977 1.1102230246251565e-16 0.0010331732944414663 0.0
-0.44402751179093036 0.0 0.0010565625466695454 0.0
-0.4487268422465812 0.0 0.0010800579472181782 0.0
-0.4534192605138352 1.1102230246251565e-16 0.001103680542127036 0.0
-0.4581035699618748 0.0 0.0011274553803784302 0.0
-0.46277836841660175 5.551115123125783e-17 0.0011514122919147258 2.168404344971009e-19
-0.4674420260359611 0.0 0.001175586518172539 0.0
-0.4720926336129471 1.1102230246251565e-16 0.0012000199175872459 0.0
-0.4767279751461894 0.0 0.0012247617520586228 0.0
-0.4813454819491422 1.1102230246251565e-16 0.001249869833269843 2.168404344971009e-19
-0.48594216777697213 0.0 0.001275412025457583 0.0
-0.4905145972424062 0.0 0.0013014671135450353 2.168404344971009e-19
-0.4950588168934587 5.551115123125783e-17 0.0013281262932736252 2.168404344971009e-19
-0.4995702907030202 5.551115123125783e-17 0.0013554944468660815 2.168404344971009e-19
-0.5040438657839963 1.1102230246251565e-16 0.0013836907068348655 2.168404344971009e-19
-0.5084737121347976 1.1102230246251565e-16 0.001412849137686288 0.0
-0.5128532582670893 0.0 0.001443118885131293 0.0
-0.5171751959756903 1.1102230246251565e-16 0.0014746626971302171 0.0
-0.5214314754299995 0.0 0.001507654687338092 2.168404344971009e-19
-0.5256133285941031 0.0 0.0015422765361572306 2.168404344971009e-19
-0.529711309719759 0.0 0.0015787114971503717 2.168404344971009e-19
-0.5337154244883228 0.0 0.001617136376460406 2.168404344971009e-19
-0.5376152894007972 0.0 0.0016577115638867134 2.168404344971009e-19
-0.5414003341595115 1.1102230246251565e-16 0.0017005692232030566 2.168404344971009e-19
-0.5450600453158634 1.1102230246251565e-16 0.0017458003997027197 0.0
-0.5485842358424697 0.0 0.0017934422049599675 2.168404344971009e-19
-0.5519633371951627 0.0 0.001843463513293366 2.168404344971009e-19
-0.5551886887464887 0.0 0.0018957547513569818 2.168404344971009e-19
-0.5582527426284303 0.0 0.0019501256260341354 2.168404344971009e-19
-0.561149257298384 0.0 0.0020063011754338413 4.336808689942018e-19
-0.5638734531032497 0.0 0.0020639226913675454 0.0
-0.5664219924982787 1.1102230246251565e-16 0.002122559075631115 4.336808689942018e-19
-0.5687928886214183 1.1102230246251565e-16 0.002181720927280006 4.336808689942018e-19
-0.5709856142156798 0.0 0.002240865127237129 0.0
-0.5730007615384739 0.0 0.0022994195243096756 4.336808689942018e-19
-0.574839871267808 0.0 0.002356797939612624 0.0
-0.576505227245629 1.1102230246251565e-16 0.0024124151839012577 0.0
-0.5779996247459454 1.1102230246251565e-16 0.0024657008860652497 0.0
-0.5793261901765645 0.0 0.0025161105338074104 0.0
-0.580488329092299 0.0 0.002563135784946418 4.336808689942018e-19
-0.5814892973473684 0.0 0.002606312802820116 0.0
-0.5823322391261256 1.1102230246251565e-16 0.002645227375404791 4.336808689942018e-19
-0.5830199577192672 1.1102230246251565e-16 0.0026795194302139873 4.336808689942018e-19
-0.5835549688166559 0.0 0.002708887360047925 0.0
-0.5839392287354056 1.1102230246251565e-16 0.0027330870794215027 8.673617379884035e-19
-0.5841741415839338 0.0 0.0027519346220505995 4.336808689942018e-19
-0.5842606599581304 1.1102230246251565e-16 0.0027653107186415477 4.336808689942018e-19
-0.5841991408115809 1.1102230246251565e-16 0.0027731584789682127 4.336808689942018e-19
-0.5839893241398697 0.0 0.002775483730453539 4.336808689942018e-19
-0.5836303318712694 0.0 0.002772355411728409 0.0
-0.583120842907486 1.1102230246251565e-16 0.0027639101267463912 4.336808689942018e-19
-0.5824589873401309 0.0 0.002750348760257281 4.336808689942018e-19
-0.58164233706961 0.0 0.0027319351539284993 0.0
-0.5806680988965808 1.1102230246251565e-16 0.0027089973853031465 0.0
-0.5795332059626014 0.0 0.0026819269864528737 4.336808689942018e-19
-0.5782343729417798 0.0 0.002651174261231047 4.336808689942018e-19
-0.5767681955015397 1.1102230246251565e-16 0.0026172457139008393 0.0
-0.5751315442971348 1.1102230246251565e-16 0.0025806959349057496 4.336808689942018e-19
-0.5733215294407925 1.1102230246251565e-16 0.002542119625046602 0.0
-0.5713357493447639 0.0 0.0025021407184258743 0.0
-0.569172524530334 0.0 0.0024613983380275765 4.336808689942018e-19
-0.5668311071308445 0.0 0.002420530763653194 4.336808689942018e-19
-0.564311855299784 0.0 0.0023801587694073116 0.0
-0.5616164176526132 0.0 0.002340866464688583 0.0
-0.5587479552960275 0.0 0.002303176508423199 0.0
-0.5557109865958665 0.0 0.0022675477921948375 0.0
-0.5525115577289257 0.0 0.002234347977620317 0.0
-0.5491569897630849 1.1102230246251565e-16 0.002203859769318464 4.336808689942018e-19
-0.5456558046823063 0.0 0.0021762683389394822 4.336808689942018e-19
-0.5420174546512276 0.0 0.002151667668789919 0.0
-0.5382520469281356 0.0 0.0021300702423273834 0.0
-0.534370066675995 0.0 0.002111417407493504 0.0
-0.5303820991927849 0.0 0.0020955927156930394 4.336808689942018e-19
-0.5262985774615151 0.0 0.002082436356420613 0.0
-0.5221295711147584 0.0 0.002071759127905231 4.336808689942018e-19
-0.5178846239801262 0.0 0.0020633548928392013 0.0
-0.5135726405072618 0.0 0.0020570109585867327 0.0
-0.50920180798429 1.1102230246251565e-16 0.0020525162937215543 0.0
-0.5047795439716565 0.0 0.0020496679548357277 4.336808689942018e-19
-0.5003125263341052 1.1102230246251565e-16 0.0020482749416083222 4.336808689942018e-19
-0.4958067170243471 5.551115123125783e-17 0.0020481605793055972 0.0
-0.49126738214842064 5.551115123125783e-17 0.002049164162840341 0.0
-0.4866991417701753 5.551115123125783e-17 0.002051141307290161 0.0
-0.48210604563962434 1.1102230246251565e-16 0.002053963040952712 0.0
-0.4774916137640387 0.0 0.002057515432227352 0.0
-0.4728588917892057 1.1102230246251565e-16 0.0020616985528584663 4.336808689942018e-19
-0.46821052057314466 5.551115123125783e-17 0.002066424778639258 4.336808689942018e-19
-0.4635487675824179 5.551115123125783e-17 0.0020716181169911593 0.0
-0.45887558448154253 5.551115123125783e-17 0.0020772125990754383 0.0
-0.4541926503289663 0.0 0.002083151040654798 0.0
-0.4495013964564383 5.551115123125783e-17 0.0020893843587805414 0.0
-0.4448030529999316 5.551115123125783e-17 0.002095870111608649 0.0
-0.44009866860528385 5.551115123125783e-17 0.002102571914864796 4.336808689942018e-19
-0.4353891392444181 0.0 0.0021094585197036437 0.0
-0.4306752312656418 0.0 0.002116503067666097 4.336808689942018e-19
-0.42595759526371646 5.551115123125783e-17 0.002123682654019037 0.0
-0.42123678840305345 0.0 0.0021309775772472474 4.336808689942018e-19
-0.4165132833970131 0.0 0.002138371054427535 0.0
-0.4117874838041247 5.551115123125783e-17 0.002145848701209865 4.336808689942018e-19
-0.40705973336095785 1.1102230246251565e-16 0.0021533982194468933 0.0
-0.4023303240519516 5.551115123125783e-17 0.002161009125164705 4.336808689942018e-19
-0.3975995055613196 0.0 0.0021686724203648696 4.336808689942018e-19
-0.3928674890060503 0.0 0.0021763804707317226 4.336808689942018e-19
-0.38813445494852006 5.551115123125783e-17 0.002184126721855707 0.0
-0.3834005566260705 5.551115123125783e-17 0.0021919055890847966 0.0
-0.37866592451252706 5.551115123125783e-17 0.0021997122956636437 0.0
-0.37393066975040873 5.551115123125783e-17 0.0022075427507651578 0.0
-0.3691948865072212 1.1102230246251565e-16 0.00221539346612868 0.0
-0.36445865518947373 0.0 0.0022232614401030064 0.0
-0.35972204364756727 5.551115123125783e-17 0.0022311441159909382 4.336808689942018e-19
-0.3549851096731038 5.551115123125783e-17 0.002239039292796143 0.0
-0.35024790212282014 0.0 0.002246945087379506 4.336808689942018e-19
-0.3455104623187764 5.551115123125783e-17 0.002254859886867106 4.336808689942018e-19
-0.3407728252385158 5.551115123125783e-17 0.0022627823089915768 4.336808689942018e-19
-0.3360350202511798 5.551115123125783e-17 0.0022707111795840697 4.336808689942018e-19
-0.3312970722234338 5.551115123125783e-17 0.00227864549490853 0.0
-0.3265590019631031 0.0 0.0022865844091077003 0.0
-0.3218208270438595 0.0 0.0022945272049794915 0.0
-0.3170825622338747 0.0 0.0023024732796734036 0.0
-0.31234421996429673 0.0 0.00231042212759819 0.0
-0.3076058107513283 0.0 0.0023183733242606694 0.0
-0.30286734344317456 5.551115123125783e-17 0.002326326517082714 4.336808689942018e-19
-0.2981288255807617 5.551115123125783e-17 0.0023342814105576167 0.0
-0.2933902635518133 5.551115123125783e-17 0.0023422377603794 0.0
-0.2886516628358099 0.0 0.0023501953631220227 0.0
-0.28391302814207564 0.0 0.002358154050625146 0.0
-0.2791743635447443 0.0 0.002366113684271732 0.0
-0.2744356726081857 0.0 0.0023740741493626437 4.336808689942018e-19
-0.2696969584557665 5.551115123125783e-17 0.0023820353518071236 0.0
-0.2649582238685079 0.0 0.002389997212920157 0.0
-0.2602194713240582 0.0 0.0023979596665904632 4.336808689942018e-19
-0.25548070305278925 0.0 0.0024059226554757835 0.0
-0.2507419210642072 5.551115123125783e-17 0.002413886128442779 0.0
-0.24600312716718764 2.7755575615628914e-17 0.002421850038511544 0.0
-0.24126432299039852 0.0 0.0024298143414132893 4.336808689942018e-19
-0.2365255099828243 0.0 0.002437778995097303 0.0
-0.23178668943380565 0.0 0.0024457439594673053 0.0
-0.22704786247343176 0.0 0.00245370919673917 4.336808689942018e-19
-0.22230903008873418 0.0 0.0024616746716919036 4.336808689942018e-19
-0.21757019313334264 2.7755575615628914e-17 0.00246964035202743 0.0
-0.21283135233862718 0.0 0.002477606208624262 4.336808689942018e-19
-0.20809250833073795 2.7755575615628914e-17 0.002485572215484857 4.336808689942018e-19
-0.20335366163734764 0.0 0.0024935383498806522 4.336808689942018e-19
-0.19861481270605 5.551115123125783e-17 0.0025015045919697092 4.336808689942018e-19
-0.1938759619116201 2.7755575615628914e-17 0.002509470924721321 0.0
-0.18913710956861673 2.7755575615628914e-17 0.0025174373335527978 4.336808689942018e-19
-0.18439825594002318 0.0 0.0025254038060678673 4.336808689942018e-19
-0.17965940124452312 2.7755575615628914e-17 0.0025333703318132558 0.0
-0.17492054566506848 2.7755575615628914e-17 0.0025413369019426095 0.0
-0.1701816893526286 2.7755575615628914e-17 0.0025493035090828654 0.0
-0.16544283243329047 0.0 0.002557270147024688 8.673617379884035e-19
-0.1607039750112923 0.0 0.0025652368105970793 4.336808689942018e-19
-0.15596511717318665 0.0 0.0025732034954788763 0.0
-0.15122625899077669 0.0 0.0025811701980648066 0.0
-0.14648740052334377 0.0 0.0025891369153630685 0.0
-0.14174854182025506 0.0 0.0025971036448703584 8.673617379884035e-19
-0.13700968292205837 2.7755575615628914e-17 0.00260507038452179 4.336808689942018e-19
-0.1322708238625122 2.7755575615628914e-17 0.002613037132591106 4.336808689942018e-19
-0.1275319646694679 2.7755575615628914e-17 0.0026210038876486796 4.336808689942018e-19
-0.12279310536599373 0.0 0.002628970648506029 0.0
-0.11805424597120712 1.3877787807814457e-17 0.002636937414174722 4.336808689942018e-19
-0.11331538650086406 1.3877787807814457e-17 0.002644904183837388 0.0
-0.10857652696807396 0.0 0.0026528709568116433 4.336808689942018e-19
-0.10383766738360203 1.3877787807814457e-17 0.0026608377325353988 4.336808689942018e-19
-0.09909880775640151 1.3877787807814457e-17 0.002668804510539681 0.0
-0.09435994809385993 1.3877787807814457e-17 0.0026767712904363834 4.336808689942018e-19
-0.08962108840209149 1.3877787807814457e-17 0.002684738071903367 4.336808689942018e-19
-0.08488222868616534 1.3877787807814457e-17 0.0026927048546728266 0.0
-0.08014336895025721 1.3877787807814457e-17 0.0027006716385236103 4.336808689942018e-19
-0.07540450919784247 0.0 0.0027086384232712403 0.0
-0.07066564943177767 0.0 0.0027166052087638343 4.336808689942018e-19
-0.06592678965443903 0.0 0.0027245719948748854 0.0
-0.06118792986779054 6.938893903907228e-18 0.002732538781499807 4.336808689942018e-19
-0.056449070073459603 6.938893903907228e-18 0.0027405055685520165 0.0
-0.05171021027279953 0.0 0.0027484723559597054 4.336808689942018e-19
-0.046971350466928935 0.0 0.0027564391436638567 0.0
-0.04223249065678375 1.3877787807814457e-17 0.00276440593161553 0.0
-0.03749363084314005 6.938893903907228e-18 0.002772372719774773 8.673617379884035e-19
-0.03275477102665052 0.0 0.002780339508108752 0.0
-0.028015911207863932 3.469446951953614e-18 0.0027883062965908256 0.0
-0.02327705138724583 0.0 0.002796273085199586 0.0
-0.018538191565196562 0.0 0.002804239873918018 4.336808689942018e-19
-0.013799331742063246 0.0 0.0028122066627330987 0.0
-0.009060471918154999 0.0 0.0028201734516351234 0.0
-0.004321612093752037 0.0 0.0028281402406175825 0.0
0.00041724773088290453 5.421010862427522e-20 0.0028361070296767867 4.336808689942018e-19
0.005156107555495549 8.673617379884035e-19 0.0028440738188118208 0.0
0.00989496737983081 0.0 0.00285204060802453 8.673617379884035e-19
0.014633827203623828 0.0 0.0028600073973195322 4.336808689942018e-19
0.019372687026589543 0.0 0.0028679741867045374 0.0
0.02411154684841392 0.0 0.0028759409761904657 8.673617379884035e-19
0.028850406668740492 3.469446951953614e-18 0.00288390776579206 0.0
0.03358926648715949 0.0 0.002891874555528263 4.336808689942018e-19
0.038328126303192045 0.0 0.002899841345423018 4.336808689942018e-19
0.04306698611627224 0.0 0.002907808135506194 0.0
0.04780584592573003 6.938893903907228e-18 0.0029157749258144888 0.0
0.05254470573075992 1.3877787807814457e-17 0.0029237417163932365 4.336808689942018e-19
0.0572835655304014 6.938893903907228e-18 0.00293170850729752 0.0
0.062022425323493995 6.938893903907228e-18 0.0029396752985948187 0.0
0.06676128510864382 1.3877787807814457e-17 0.002947642090367028 4.336808689942018e-19
0.07150014488416988 1.3877787807814457e-17 0.002955608882713695 4.336808689942018e-19
0.07623900464803941 0.0 0.0029635756757559447 4.336808689942018e-19
0.08097786439780957 1.3877787807814457e-17 0.0029715424696400887 4.336808689942018e-19
0.08571672413050932 1.3877787807814457e-17 0.002979509264544832 8.673617379884035e-19
0.0904555838425693 0.0 0.0029874760606856893 0.0
0.09519444352965711 1.3877787807814457e-17 0.002995442858325113 4.336808689942018e-19
0.09993330318654785 0.0 0.003003409657780626 0.0
0.10467216280692862 1.3877787807814457e-17 0.0030113764594369864 4.336808689942018e-19
0.10941102238314926 0.0 0.003019343263761735 4.336808689942018e-19
0.11414988190601148 0.0 0.003027310071318564 0.0
0.11888874136431445 1.3877787807814457e-17 0.003035276882795572 4.336808689942018e-19
0.12362760074459629 0.0 0.0030432436990218696 4.336808689942018e-19
0.12836646003052252 2.7755575615628914e-17 0.003051210521005819 0.0
0.13310531920238292 0.0 0.0030591773499669657 0.0
0.137844178236379 0.0 0.0030671441873810134 4.336808689942018e-19
0.14258303710366335 0.0 0.003075111035040234 4.336808689942018e-19
0.1473218957695828 0.0 0.0030830778951017775 8.673617379884035e-19
0.15206075419194223 0.0 0.003091044770196129 4.336808689942018e-19
0.15679961232006392 2.7755575615628914e-17 0.0030990116634871763 0.0
0.1615384700925484 2.7755575615628914e-17 0.0031069785788116716 0.0
0.16627732743536275 2.7755575615628914e-17 0.0031149455207984834 4.336808689942018e-19
0.17101618425930684 2.7755575615628914e-17 0.0031229124950249466 0.0
0.17575504045642806 0.0 0.003130879508235338 8.673617379884035e-19
0.18049389589738343 2.7755575615628914e-17 0.0031388465684989765 0.0
0.18523275042527945 2.7755575615628914e-17 0.0031468136855740555 8.673617379884035e-19
0.18997160385237913 2.7755575615628914e-17 0.00315478087109124 4.336808689942018e-19
0.19471045595258044 2.7755575615628914e-17 0.0031627481389720847 8.673617379884035e-19
0.19944930645496142 2.7755575615628914e-17 0.0031707155057616103 4.336808689942018e-19
0.20418815503601223 2.7755575615628914e-17 0.0031786829910027807 8.673617379884035e-19
0.20892700130828 2.7755575615628914e-17 0.003186650617754152 4.336808689942018e-19
0.21366584481349407 2.7755575615628914e-17 0.003194618412802744 4.336808689942018e-19
0.21840468500553034 5.551115123125783e-17 0.0032025864072835813 4.336808689942018e-19
0.22314352124348313 5.551115123125783e-17 0.0032105546366874727 4.336808689942018e-19
0.2278823527750191 0.0 0.003218523141147539 0.0
0.23262117872472443 2.7755575615628914e-17 0.003226491965334773 0.0
0.23735999808345176 0.0 0.0032344611581704417 0.0
0.2420988096914459 2.7755575615628914e-17 0.0032424307725875514 4.336808689942018e-19
0.24683761223662684 0.0 0.0032504008649442873 4.336808689942018e-19
0.2515764042349704 0.0 0.0032583714950365434 0.0
0.25631518403106024 0.0 0.003266342726213391 4.336808689942018e-19
0.2610539497815324 0.0 0.0032743146265737967 0.0
0.2657926994409379 0.0 0.0032822872710216557 4.336808689942018e-19
0.2705314307432079 0.0 0.003290260744210871 0.0
0.2752701411577336 5.551115123125783e-17 0.003298235145206381 4.336808689942018e-19
0.28000882785995385 0.0 0.00330621059145653 0.0
0.2847474876496896 5.551115123125783e-17 0.0033141872256983052 0.0
0.2894861168939925 0.0 0.003322165220822429 0.0
0.29422471142028717 5.551115123125783e-17 0.0033301447875662593 4.336808689942018e-19
0.2989632664008425 0.0 0.0033381261823831306 4.336808689942018e-19
0.3037017762334808 5.551115123125783e-17 0.003346109715294312 0.0
0.3084402343311991 0.0 0.003354095763694938 0.0
0.3131786329885575 5.551115123125783e-17 0.003362084780951961 0.0
0.31791696307037615 0.0 0.003370077316634981 4.336808689942018e-19
0.32265521379783463 0.0 0.0033780740301197956 4.336808689942018e-19
0.32739337238128463 0.0 0.003386075713755149 0.0
0.33213142361242665 5.551115123125783e-17 0.0033940833179119355 0.0
0.3368693494860904 0.0 0.0034020979732659502 8.673617379884035e-19
0.3416071284783833 5.551115123125783e-17 0.0034101210332797964 4.336808689942018e-19
0.3463447351501401 0.0 0.003418154095447074 0.0
0.35108213917077563 5.551115123125783e-17 0.0034261990565343054 4.336808689942018e-19
0.3558193046669772 5.551115123125783e-17 0.003434258147787933 4.336808689942018e-19
0.3605561891688721 5.551115123125783e-17 0.0034423339940092756 4.336808689942018e-19
0.3652927423817964 0.0 0.003450429683687021 4.336808689942018e-19
0.3700289051937866 1.1102230246251565e-16 0.0034585488275431712 0.0
0.37476460749660445 0.0 0.003466695688077438 4.336808689942018e-19
0.37949976713346567 5.551115123125783e-17 0.0034748752472058375 4.336808689942018e-19
0.384234287086406 5.551115123125783e-17 0.003483093378961606 4.336808689942018e-19
0.38896805343833085 5.551115123125783e-17 0.0034913569800288473 4.336808689942018e-19
0.3937009323608042 0.0 0.003499674159759254 0.0
0.39843276615843726 5.551115123125783e-17 0.0035080544885223684 0.0
0.4031633704400923 5.551115123125783e-17 0.0035165091808758947 4.336808689942018e-19
0.4078925270887476 5.551115123125783e-17 0.003525051532162599 4.336808689942018e-19
0.41261998105053993 5.551115123125783e-17 0.0035336971285700337 4.336808689942018e-19
0.4173454319843132 0.0 0.0035424643683655984 8.673617379884035e-19
0.422068527291541 5.551115123125783e-17 0.00355137490306547 0.0
0.42678885377857884 5.551115123125783e-17 0.0035604541638810834 4.336808689942018e-19
0.43150592442516933 1.1102230246251565e-16 0.003569732187186473 4.336808689942018e-19
0.43621917038518154 5.551115123125783e-17 0.0035792441276543143 4.336808689942018e-19
0.4409279211038517 1.1102230246251565e-16 0.0035890314926360135 0.0
0.44563139249573147 5.551115123125783e-17 0.003599142893532369 4.336808689942018e-19
0.45032866587196485 5.551115123125783e-17 0.003609635356779479 0.0
0.45501866326331636 5.551115123125783e-17 0.0036205758502729944 4.336808689942018e-19
0.4597001293831817 1.1102230246251565e-16 0.0036320424083232782 4.336808689942018e-19
0.46437158898974645 5.551115123125783e-17 0.0036441267100861844 0.0
0.46903132636360206 0.0 0.0036569353236717943 8.673617379884035e-19
0.47367734295743935 0.0 0.003670592203132332 8.673617379884035e-19
0.4783073090323572 1.1102230246251565e-16 0.003685241460446443 0.0
0.4829185320888282 0.0 0.0037010490843825154 0.0
0.4875078866865923 5.551115123125783e-17 0.0037182066660497387 0.0
0.49207177082429615 5.551115123125783e-17 0.0037369334039681432 4.336808689942018e-19
0.4966060601570834 5.551115123125783e-17 0.003757477947223566 4.336808689942018e-19
0.5011060197636794 0.0 0.003780121799395297 0.0
0.5055662717666598 1.1102230246251565e-16 0.0038051792384047544 4.336808689942018e-19
0.5099807544745002 1.1102230246251565e-16 0.0038329967965651007 4.336808689942018e-19
0.514342666177968 0.0 0.0038639518175578136 4.336808689942018e-19
0.5186444377199249 0.0 0.0038984477139183066 0.0
0.5228777593037602 0.0 0.003936905328630062 8.673617379884035e-19
