0.0 0.0 -0.00013687168311726398 0.002578898400277815
0.004738822797716594 4.7388297578883695e-06 -0.00013687168311733134 0.0025788984002790855
0.009477645595423776 9.477659515764352e-06 -0.00013687168311753611 0.002578898400282946
0.014216468393111801 1.4216489273614798e-05 -0.00013687168311788553 0.002578898400289535
0.01895529119077023 1.8955319031423045e-05 -0.0001368716831183921 0.0025788984002990912
0.023694113988387538 2.369414878917058e-05 -0.00013687168311907433 0.0025788984003119603
0.02843293678595076 2.8432978546830868e-05 -0.0001368716831199564 0.0025788984003286067
0.03317175958344489 3.317180830437413e-05 -0.00013687168312107023 0.0025788984003496337
0.037910582380852535 3.7910638061762085e-05 -0.00013687168312245565 0.002578898400375798
0.04264940517815306 4.264946781893768e-05 -0.0001368716831241627 0.00257889840040805
0.047388227975322064 4.738829757583926e-05 -0.00013687168312625267 0.002578898400447554
0.05212705077233025 5.2127127332367256e-05 -0.00013687168312880065 0.002578898400495739
0.05686587356914265 5.686595708842026e-05 -0.00013687168313189838 0.0025788984005543484
0.06160469636571716 6.160478684383171e-05 -0.00013687168313565682 0.002578898400625498
0.06634351916200298 6.634361659843599e-05 -0.00013687168314021158 0.0025788984007117663
0.07108234195793921 7.108244635202027e-05 -0.00013687168314572616 0.0025788984008162617
0.07582116475345174 7.582127610425134e-05 -0.00013687168315239888 0.002578898400942775
0.0805599875484516 8.056010585480246e-05 -0.00013687168316046995 0.0025788984010958757
0.08529881034283107 8.529893560311688e-05 -0.00013687168317022913 0.0025788984012811034
0.09003763313645995 9.003776534867013e-05 -0.0001368716831820278 0.0025788984015051603
0.09477645592918134 9.477659509056502e-05 -0.00013687168319628836 0.0025788984017761345
0.09951527872080461 9.951542482796389e-05 -0.0001368716832135259 0.002578898402103851
0.1042541015111007 0.00010425425455979587 -0.00013687168323435968 0.002578898402500127
0.108992924299791 0.00010899308428436805 -0.0001368716832595393 0.0025788984029793413
0.11373174708653991 0.00011373191400007043 -0.00013687168328997145 0.002578898403558814
0.11847056987094105 0.00011847074370413314 -0.00013687168332674802 0.0025788984042595226
0.12320939265250282 0.0001232095733940197 -0.0001368716833711968 0.002578898405106858
0.12794821543063262 0.0001279484030654006 -0.00013687168342490922 0.002578898406131428
0.13268703820461 0.0001326872327142438 -0.000136871683489829 0.002578898407370458
0.13742586097356865 0.00013742606233548588 -0.00013687168356829577 0.0025788984088687327
0.14216468373645488 0.0001421648919210578 -0.0001368716836631363 0.0025788984106807425
0.14690350649199863 0.00014690372146345561 -0.00013687168377778087 0.0025788984128722187
0.15164232923866153 0.00015164255094960214 -0.00013687168391635446 0.002578898415522823
0.15638115197458033 0.00015638138036778122 -0.0001368716840838925 0.0025788984187291603
0.16111997469750766 0.00016112020969855792 -0.00013687168428644066 0.0025788984226078715
0.16585879740470846 0.0001658590389225918 -0.00013687168453138597 0.002578898427301182
0.17059762009288817 0.00017059786801660706 -0.00013687168482766517 0.00257889843298076
0.17533644275803503 0.00017533669694319047 -0.00013687168518609175 0.0025788984398561897
0.1800752653952998 0.00018007552566793954 -0.00013687168561988237 0.002578898448181706
0.18481408799879556 0.00018481435413000608 -0.00013687168614498813 0.002578898458267205
0.18955291056136192 0.0001895531822753047 -0.0001368716867810865 0.002578898470491812
0.19429173307432449 0.0001942920100160695 -0.00013687168755204373 0.002578898485317759
0.19903055552706508 0.00019903083725789832 -0.0001368716884873018 0.002578898503316172
0.20376937790669425 0.00020376966389017576 -0.00013687168962314198 0.002578898525187628
0.20850820019737393 0.000208508489730678 -0.0001368716910041976 0.002578898551804795
0.21324702237972296 0.00021324731460973213 -0.00013687169268655118 0.0025788985842536186
0.21798584442986801 0.00021798613821539986 -0.00013687169473964916 0.002578898623898733
0.2227246663181984 0.00022272496026309283 -0.00013687169725281573 0.0025788986724762293
0.2274634880080065 0.00022746378028344735 -0.00013687170033907829 0.002578898732200131
0.23220230945301426 0.00023220259771185357 -0.0001368717041454385 0.0025788988059637728
0.2369411305950162 0.00023694141186895507 -0.00013687170886538558 0.002578898897549799
0.2416799513592866 0.00024168022154223443 -0.00013687171475337966 0.0025788990120398704
0.24641877164945863 0.0002464190255164085 -0.00013687172215927007 0.002578899156317734
0.2511575913392922 0.00025115782134305624 -0.00013687173155441088 0.0025788993398812646
0.2558964102602475 0.0002558966065026793 -0.00013687174361456535 0.0025788995761468173
0.2606352281856518 0.0002606353765359703 -0.00013687175928860364 0.0025788998841625526
0.2653740448012722 0.0002653741251524694 -0.00013687177995818584 0.002578900291901242
0.2701128596697766 0.0002701128440931508 -0.00013687180767695854 0.0025789008404046194
0.2748516721631067 0.00027485151666934294 -0.00013687184544659825 0.002578901591720747
0.2795904813710095 0.0002795901243014089 -0.00013687189794620028 0.002578902640043629
0.2843292859506934 0.00028432862596700195 -0.00013687197213613344 0.0025789041295042497
0.28906808388377286 0.0002890669741836612 -0.00013687207897772024 0.0025789062824505765
0.2938068721565299 0.00029380508440302175 -0.0001368722348500613 0.0025789094315556236
0.2985456462260934 0.0002985428344628307 -0.00013687246379657622 0.0025789140624217924
0.30328439950014846 0.0003032800831803711 -0.00013687279888968418 0.0025789208223877414
0.3080231227301873 0.0003080166086515446 -0.00013687328001161213 0.002578930478267866
0.31276180382720026 0.0003127522512571125 -0.00013687394841354196 0.0025789437967564627
0.31750042809316614 0.00031748681821797977 -0.00013687484013551266 0.0025789614300880674
0.32223897866244233 0.00032222018217740393 -0.0001368759836326634 0.002578983898872672
0.3269774369084693 0.00032695220649902896 -0.000136877403631176 0.00257901167016673
0.3317157824125596 0.0003316827360200207 -0.00013687912585229895 0.002579045246250274
0.3364539927690163 0.00033641160984056536 -0.0001368811810220211 0.002579085229009093
0.3411920430701692 0.00034113856681351686 -0.00013688360661716692 0.0025791323691692716
0.345929905316416 0.0003458633689815247 -0.0001368864503631741 0.002579187604114831
0.3506675476809972 0.000350585622478253 -0.00013688977077065762 0.0025792520934804636
0.3554049335334965 0.00035530492655800266 -0.0001368936401820966 0.0025793272659198393
0.3601420205263814 0.00036002075291599817 -0.00013689814674142488 0.002579414854514064
0.3648787591804928 0.0003647324220702448 -0.00013690339645090356 0.0025795169576920364
0.36961509166384005 0.00036943924703749126 -0.0001369095178261378 0.0025796360856490262
0.3743509499764484 0.00037414014513926564 -0.00013691666195062374 0.0025797752329069393
0.3790862541028035 0.0003788341523163934 -0.00013692501065509032 0.002579937954274203
0.38382090990321754 0.00038351978281993645 -0.00013693477743637224 0.002580128446115076
0.38855480626994976 0.0003881955116767214 -0.00013694621434442525 0.0025803516709011587
0.39328781258284307 0.0003928594700654554 -0.00013695961914344474 0.0025806134582594823
0.398019774706478 0.00039750921420775726 -0.00013697533915023828 0.0025809206796710096
0.40275051139565665 0.0004021423860419754 -0.00013699378758320736 0.0025812814037202113
0.40747980919915683 0.00040675532773024726 -0.0001370154434984747 0.002581705113969266
0.4122074168481291 0.00041134469959835983 -0.00013704087549064767 0.0025822029630720895
0.41693303916270485 0.0004159056852229409 -0.0001370707477395747 0.002582788027707077
0.4216563285767045 0.0004204329915581508 -0.00013710583920015847 0.0025834756953770246
0.42637687734006363 0.00042492063189374655 -0.00013714707062703542 0.0025842839951096567
0.4310942058715493 0.0004293603015287181 -0.00013719550744710452 0.002585234109637842
0.4358077513477494 0.0004337443150148952 -0.00013725241774371297 0.0025863508816473505
0.44051685336902746 0.0004380610396947706 -0.0001373192742104591 0.00258766341494081
0.44522073668542617 0.00044229888760828525 -0.00013739780559589545 0.00258920586010586
0.4499184938904955 0.0004464432707906151 -0.0001374900395913431 0.002591018120899186
0.45460906112839744 0.000450475810824222 -0.0001375983281438762 0.002593146918903338
0.4592911945907811 0.00045437874431383183 -0.00013772545427258206 0.002595646783167882
0.46396344032272085 0.00045812589257552015 -0.00013787462846930957 0.002598581280369508
0.4686241004744814 0.0004616915279943283 -0.00013804960081886927 0.0026020244691329682
0.4732711987468432 0.00046504362144632756 -0.00013825473735466364 0.0026060622071426027
0.47790243482480893 0.0004681420097819147 -0.00013849505287688585 0.002610793981283391
0.48251514040933696 0.0004709488235454758 -0.00013877640171046452 0.0026163345529470997
0.48710622842973156 0.0004734113331245943 -0.00013910547152973604 0.0026228156649525064
0.4916721361275031 0.00047547205909936505 -0.00013948989723837528 0.002630388012769541
0.49620877269607105 0.0004770744227135859 -0.00013993844186002138 0.0026392226018404925
0.5007114591653221 0.00047814257636258714 -0.00014046093231117674 0.0026495120524613613
0.5051748719747571 0.000478596113410929 -0.00014106834758670296 0.0026614714444452405
0.5095929968445736 0.00047836102829797405 -0.00014177292932753788 0.002675337937465529
0.5139590904743919 0.0004773461743115379 -0.00014258801295779114 0.0026913692337870443
0.5182656565232148 0.0004754530400917076 -0.00014352789817928218 0.0027098404701607257
0.522504449079575 0.00047258892136702664 -0.00014460764010386135 0.002731038772113953
0.526666508942852 0.0004686737479135821 -0.00014584267583255808 0.0027552550629882573
0.5307422416391875 0.0004636346470008132 -0.00014724825805483493 0.0027827730270027803
0.5347215333723901 0.00045740887740975723 -0.00014883876385198827 0.002813854912051691
0.5385939197798943 0.00044995391173303337 -0.00015062686031443138 0.0028487244444027294
0.5423488008909673 0.00044125374951740594 -0.0001526225523932714 0.002887547624014593
0.5459756957327543 0.00043132317110324334 -0.00015483218215967697 0.0029304125033034075
0.5494645237201095 0.00042021388299901 -0.00015725742065308962 0.0029773099254196338
0.5528058860058712 0.0004080215339317212 -0.00015989447175175666 0.003028118567145989
0.5559913304302236 0.00039486372485932785 -0.00016273240831443357 0.0030825931338502714
0.5590135962188825 0.0003808727499080603 -0.00016575379412508753 0.0031403558052345046
0.5618667613883629 0.00036625374387055053 -0.00016893509673632565 0.003200904373753904
0.5645463599159863 0.00035115084117677824 -0.00017224524065383628 0.0032636169023201557
0.5670493627263926 0.00033578429515924996 -0.00017564824705895832 0.0033277744371984722
0.5693741904762771 0.0003203575133540901 -0.0001791037583172935 0.0033925742086671454
0.5715205384621999 0.0003050267302363901 -0.00018256737894698782 0.003457160275610972
0.5734892018932474 0.00028995143340311644 -0.0001859929513174948 0.0035206489759966324
0.5752818995700895 0.0002752957292959729 -0.00018933375734760008 0.0035821523512933515
0.576901062927999 0.0002612310026167561 -0.00019254370155781747 0.0036408008528837233
0.5783495997749778 0.000247939819824909 -0.0001955783692730477 0.003695763446921383
0.5796306562685186 0.00023560287728951066 -0.00019839581446954945 0.003746263192329694
0.5807475625868038 0.0002243344866974371 -0.00020095744398645002 0.0037915887753345854
0.5817035869391122 0.00021439031928193554 -0.00020322854278501018 0.0038311062682924017
0.5825017299293567 0.000205946560326636 -0.00020517878366870323 0.0038642632107550776
0.5831447418865265 0.00019932970927219852 -0.00020678217357745298 0.0038905958787045372
0.5836349775144386 0.0001947893663947096 -0.00020801785859517573 0.0039097311638825695
0.5839742326028771 0.00019259246400547082 -0.00020886972757341613 0.003921385434976643
0.5841637900792198 0.00019304100096428117 -0.00020932642107819826 0.003925367647665811
0.5842044066795533 0.00019638479844996868 -0.00020938158076799697 0.00392158068277478
0.5840962525088598 0.00020277606978535726 -0.0002090340058746429 0.003910020160559284
0.5838388922199705 0.00021226988014584367 -0.00020828753812075548 0.0038907738809367642
0.583431323152992 0.0002248191379023886 -0.0002071512030819359 0.0038640220269777724
0.5828720451866726 0.00024036151917332282 -0.00020563871858733356 0.0038300368193573825
0.5821590154120866 0.0002588232139836925 -0.00020376861262479522 0.003789178751977689
0.5812896600835818 0.00028005031126039425 -0.0002015642928649271 0.0037418952216684313
0.580261159337211 0.00030389079174576424 -0.00019905390736436011 0.0036887204781722795
0.5790703262943149 0.0003301877136153239 -0.00019626989483724654 0.0036302677348069895
0.5777139299793836 0.00035878858277850543 -0.00019324881393981169 0.0035672247344698755
0.5761886521038259 0.000389456936344982 -0.00019003073579754761 0.0035003433383030635
0.5744913904829345 0.0004219846918068548 -0.00018665864909354758 0.0034304287327837665
0.572619467322195 0.00045613657086861865 -0.000183177632810296 0.003358323127178332
0.5705707672633221 0.0004916253041827493 -0.0001796338658688257 0.0032848878201655533
0.5683439596197063 0.0005281165509817302 -0.0001760734361613465 0.003210982133776731
0.5659387057908476 0.0005652333181129782 -0.00017254125251394485 0.0031374403906183797
0.5633558887586789 0.0006025678742620175 -0.0001690795301286564 0.0030650453642325276
0.5605977729928061 0.0006397155595723304 -0.00016572606311683486 0.0029945043307338603
0.5576679947212069 0.0006762488754114867 -0.0001625140649556745 0.0029264334542476737
0.5545716924157869 0.0007117525686233176 -0.00015947049700510893 0.0028613330417291308
0.551315381681512 0.0007458474269032311 -0.0001566162535443914 0.0027995855243251534
0.5479068873766947 0.0007782092008133062 -0.00015396490258365157 0.0027414449488436894
0.5443550978494773 0.0008085678994181357 -0.00015152372154707554 0.0026870449786449754
0.5406697371091784 0.0008367295362214422 -0.00014929410556542368 0.002636409237890808
0.5368610907908801 0.000862577766523125 -0.00014727227200989008 0.0025894656141280227
0.5329397153490458 0.0008860668266817574 -0.00014545010483944953 0.0025460647205142466
0.5289161689620524 0.0009072152870607541 -0.00014381631249546625 0.002505999539474437
0.5248007748570288 0.0009260960008819297 -0.00014235744345488026 0.0024690242997524934
0.5206034259946957 0.0009428232817619152 -0.00014105878684304857 0.0024348713330341453
0.5163334350697828 0.0009575382971101457 -0.00013990514483687452 0.002403265213843523
0.5119994392157579 0.0009703998077015209 -0.00013888143951996612 0.002373933874708241
0.507609348190087 0.0009815777646196868 -0.00013797315302469678 0.002346616666452772
0.5031703229400775 0.0009912468544395116 -0.0001371666312520209 0.002321069810610963
0.4986887778368472 0.000999575445643449 -0.00013644928953891137 0.0022970696259606484
0.4941704065218614 0.0010067175232466885 -0.0001358096811521482 0.002274414025742136
0.48962023921831 0.0010128204804130182 -0.00013523752513489541 0.0022529226219676003
0.4850426892738122 0.0010180205643991582 -0.00013472367598901116 0.0022324360522587745
0.4804416007832211 0.0010224359202361524 -0.00013426009641381273 0.002212814781758758
0.47582031870847663 0.0010261747558459133 -0.00013383972946218918 0.0021939373577966235
0.4711817394113649 0.001029333986089442 -0.00013345643221445957 0.0021756987304229333
0.46652835881281285 0.00103199496428617 -0.00013310487933002502 0.002158008461088006
0.4618623296467028 0.0010342318753643704 -0.00013278046511879294 0.0021407889753599337
0.45718549899520905 0.001036108149983717 -0.00013247923527600836 0.002123974006590991
0.45249945141102726 0.001037678096237195 -0.00013219778477914818 0.0021075070431154307
0.44780554525219146 0.0010389900760260902 -0.00013193319223000452 0.002091340037978173
0.44310493990938044 0.001040083991210792 -0.00013168296399071743 0.002075432253162158
0.43839862775692123 0.0010409953501806985 -0.0001314449615216594 0.0020597491838852786
0.4336874548304123 0.0010417541960072926 -0.00013121736587905965 0.002044261692090077
0.4289721430571258 0.0010423859917677136 -0.00013099862124030544 0.0020289451858304447
0.42425330837406977 0.0010429131705575819 -0.00013078740096931485 0.002013778964136943
0.4195314745480578 0.0010433540308954412 -0.0001305825764578012 0.0019987456384034513
0.4148070884558554 0.001043724884619798 -0.00013038318420276093 0.0019838306268586733
0.4100805297438712 0.0010440392781518152 -0.00013018840967978036 0.001969021746173505
0.40535212183153063 0.0010443088593858523 -0.00012999755570122494 0.001954308829825755
0.4006221397375172 0.0010445436798910254 -0.00012981003012310806 0.0019396834354918862
0.39589081706943463 0.0010447520222062624 -0.00012962532902145268 0.001925138578459287
0.39115835264938276 0.001044941224042887 -0.00012944302392974336 0.0019106685125667691
0.3864249150297492 0.0010451172958410321 -0.0001292627516028829 0.001896268548921015
0.3816906476073476 0.001045285512517643 -0.00012908420205192433 0.0018819348922573852
0.3769556719414086 0.0010454502883200118 -0.00012890711381680097 0.0018676645151033079
0.37222009128923134 0.0010456153516972971 -0.00012873126428383373 0.0018534550417889485
0.3674839933405393 0.001045783931151284 -0.00012855646536999235 0.0018393046590981191
0.3627474524882276 0.0010459586486913116 -0.00012838255860524894 0.001825212037645656
0.3580105321092737 0.0010461418024218336 -0.0001282094108101016 0.0018111762659645339
0.35327328612433295 0.0010463352484467437 -0.00012803691130221998 0.0017971967967237393
0.34853576073891585 0.0010465405663208438 -0.00012786496757636175 0.001783273396648627
0.3437979956494563 0.0010467590482999484 -0.0001276935039888238 0.001769406107234238
0.3390600252489089 0.0010469917346696775 -0.00012752245845461515 0.0017555952071100958
0.3343218796119642 0.0010472394899164114 -0.00012735178079788286 0.001741841180822359
0.3295835852828996 0.0010475029779693416 -0.00012718143077128545 0.0017281446897623955
0.32484516602700575 0.0010477827478283883 -0.0001270113760092465 0.001714506543758307
0.3201066433230129 0.0010480792262578134 -0.0001268415900748832 0.001700927670072239
0.3153680367815689 0.0010483927841355486 -0.0001266720492038526 0.0016874090709321685
0.31062936424898624 0.001048723793569246 -0.00012650272834099037 0.0016739517679576084
0.3058906416385616 0.001049072694615325 -0.0001263335973370499 0.0016605567516775586
0.30115188251042346 0.0010494400533012907 -0.00012616462010819172 0.0016472249800147665
0.2964130976512719 0.0010498264738855413 -0.00012599575885745555 0.0016339574428535673
0.2916742951010871 0.0010502325324053517 -0.0001258269798334985 0.001620755239951042
0.28693548048561185 0.001050658671153073 -0.00012565825697188304 0.0016076196205747541
0.2821966576293052 0.0010511052037927438 -0.00012548957151304412 0.001594551979315745
0.27745782907876954 0.0010515723349000105 -0.00012532091096831117 0.0015815538348922925
0.27271899652975207 0.0010520601845046362 -0.00012515226707700817 0.0015686268067205441
0.26798016112394774 0.001052568823387161 -0.00012498363447686997 0.0015557725974564948
0.2632413236365114 0.001053098284231436 -0.000124815009671294 0.0015429929813644482
0.2585024846065869 0.0010536485784676747 -0.00012464639032217572 0.0015302897970801705
0.2537636444133244 0.0010542197015594669 -0.0001244777748836218 0.0015176649436637862
0.24902480332986562 0.0010548116388457561 -0.00012430916228545102 0.0015051203784288726
0.24428596155590288 0.001055424368744002 -0.00012414055179196077 0.0014926581160868736
0.23954711924000804 0.0010560578642425616 -0.00012397194288116587 0.0014802802285734664
0.23480827649471142 0.0010567120948027351 -0.00012380333517928832 0.0014679888453489178
0.23006943340616332 0.0010573870267553583 -0.00012363472841391652 0.0014557861539710721
0.22533059004148379 0.0010580826241446866 -0.00012346612238091476 0.0014436744008146081
0.22059174645332771 0.001058798848961497 -0.00012329751692784503 0.0014316558918956836
0.21585290268353674 0.0010595356614442487 -0.00012312891193685905 0.0014197329937244763
0.21111405876557002 0.001060293020304293 -0.00012296030731709061 0.0014079081341702357
0.20637521472636292 0.0010610708827869198 -0.0001227917029970415 0.001396183803302913
0.2016363705877476 0.001061869204846209 -0.0001226230989201702 0.0013845625541966651
0.1968975263674495 0.001062687941163131 -0.0001224544950414776 0.0013730470036787408
0.1921586820799585 0.0010635270452374898 -0.00012228589132453295 0.001361639833005885
0.18741983773711757 0.001064386469418406 -0.00012211728774012324 0.001350343788459589
0.18268099334864835 0.0010652661649419265 -0.00012194868426436662 0.0013391616818429922
0.17794214892253768 0.0010661660819776546 -0.00012178008087789714 0.0013280963908687037
0.17320330446535498 0.001067086169641089 -0.00012161147756485444 0.001317150859422615
0.1684644599825169 0.001068026376034971 -0.00012144287431224324 0.0013063280976902748
0.16372561547848294 0.0010689866482621285 -0.0001212742711094514 0.0012956311821318328
0.15898677095693736 0.0010699669324528596 -0.00012110566794769452 0.0012850632552896108
0.15424792642091825 0.0010709671737835534 -0.00012093706481979712 0.0012746275254140113
0.149509081872936 0.0010719873164941668 -0.00012076846171981653 0.001264327265890887
0.1447702373150641 0.001073027303911265 -0.00012059985864287839 0.001254165814454398
0.14003139274901535 0.00107408707846178 -0.00012043125558495722 0.0012441465721681215
0.1352925481762066 0.001075166581694147 -0.00012026265254272796 0.0012342730021571461
0.13055370359780735 0.0010762657542932508 -0.00012009404951346225 0.0012245486280737206
0.12581485901478567 0.0010773845360982925 -0.00011992544649489214 0.0012149770322784186
0.12107601442794136 0.0010785228661195603 -0.0001197568434851579 0.0012055618537193317
0.11633716983793589 0.001079680682554136 -0.00011958824048271639 0.0011963067854914315
0.11159832524531633 0.0010808579228036136 -0.00011941963748629904 0.0011872155720588893
0.10685948065053487 0.0010820545234893322 -0.00011925103449485683 0.0011782920061234722
0.10212063605396568 0.0010832704204694283 -0.00011908243150752158 0.0011695399251229188
0.09738179145591806 0.0010845055488545884 -0.00011891382852358054 0.0011609632073442593
0.09264294685664792 0.0010857598430242912 -0.00011874522554244109 0.001152565767638151
0.08790410225636687 0.0010870332366430804 -0.00011857662256361683 0.0011443515527220002
0.08316525765524999 0.0010883256626763806 -0.00011840801958670446 0.0011363245360613708
0.07842641305344211 0.0010896370534069046 -0.00011823941661137203 0.0011284887123214301
0.07368756845106307 0.0010909673404504482 -0.00011807081363734526 0.0011208480913826664
0.06894872384821209 0.0010923164547720833 -0.00011790221066439718 0.0011134066919179593
0.06420987924497126 0.0010936843267020996 -0.0001177336076923418 0.0011061685345313326
0.05947103464140858 0.0010950708859519664 -0.00011756500472102449 0.001099137634462219
0.054732190037580467 0.0010964760616303702 -0.00011739640175031892 0.001092317993863003
0.04999334543353368 0.0010978997822590603 -0.0001172277987801204 0.001085713593661786
0.045254500829307084 0.001099341975788832 -0.00011705919581034322 0.0010793283850268319
0.04051565622493306 0.001100802569615334 -0.00011689059284091713 0.0010731662804539272
0.03577681162043865 0.0011022814905949163 -0.00011672198987178465 0.001067231144502841
0.031037967015846508 0.0011037786650603984 -0.00011655338690289925 0.0010615267842142466
0.02629912241117581 0.0011052940188367806 -0.00011638478393422312 0.0010560569392436803
0.021560277806442856 0.001106827477256931 -0.00011621618096572659 0.0010508252717543994
0.016821433201661705 0.0011083789651771727 -0.00011604757799738638 0.0010458353561161996
0.012082588596844666 0.001109948406992838 -0.00011587897502918471 0.0010410906684623334
0.007343743992002764 0.001111535726653723 -0.00011571037206110919 0.0010365945761614836
0.0026048993871461033 0.0011131408476794831 -0.0001155417690931519 0.0010323503272662376
-0.002133945217715723 0.0011147636931749367 -0.0001153731661253091 0.0010283610400035465
-0.006872789822573319 0.0011164041858452835 -0.00011520456315758131 0.0010246296923761323
-0.011611634427417136 0.001118062248011231 -0.00011503596018997318 0.0010211591119466544
-0.016350479032237124 0.0011197378016240245 -0.00011486735722249386 0.0010179519658785221
-0.021089323637022383 0.0011214307682803684 -0.0001146987542551568 0.0010150107513085024
-0.025828168241760725 0.0011231410692372449 -0.00011453015128798079 0.0010123377861266066
-0.030567012846438306 0.001124868625426621 -0.00011436154832099035 0.0010099352002381089
-0.03530585745103906 0.0011266133574700263 -0.00011419294535421655 0.0010078049273808966
-0.04004470205554413 0.0011283751856930326 -0.00011402434238769822 0.0010059486975686634
-0.04478354665993125 0.001130154030139572 -0.00011385573942148357 0.0010043680302267062
-0.04952239126417383 0.0011319498105861576 -0.0001136871364556314 0.0010030642280823413
-0.05426123586824007 0.0011337624465559337 -0.00011351853349021341 0.0010020383718661828
-0.059000080472091807 0.0011355918573326038 -0.00011334993052531717 0.0010012913158738944
-0.06373892507568313 0.0011374379619742236 -0.00011318132756104819 0.0010008236844305186
-0.06847776967895867 0.0011393006793267758 -0.00011301272459753521 0.0010006358692913146
-0.07321661428185165 0.0011411799280377029 -0.00011284412163493326 0.0010007280280042343
-0.07795545888428144 0.0011430756265691292 -0.00011267551867343039 0.001001100083249981
-0.0826943034861507 0.001144987693211031 -0.00011250691571325397 0.001001751723166092
-0.08743314808734186 0.001146916046094142 -0.00011233831275467803 0.001002682402651868
-0.09217199268771266 0.001148860603202702 -0.00011216970979803482 0.001003891345641469
-0.0969108372870913 0.0011508212823871042 -0.00011200110684372374 0.0010053775483231146
-0.10164968188527 0.0011527980013760347 -0.00011183250389222998 0.0010071397832734413
-0.10638852648199763 0.0011547906777888378 -0.00011166390094413778 0.001009176604467616
-0.11112737107697046 0.0011567992291471952 -0.00011149529800015378 0.0010114863531180778
-0.11586621566982136 0.0011588235728867955 -0.0001113266950611322 0.001014067164287892
-0.12060506026010638 0.0011608636263686926 -0.0001111580921281028 0.0010169169742184694
-0.12534390484728863 0.001162919306890212 -0.00011098948920231295 0.001020033528306538
-0.13008274943071868 0.0011649905316961 -0.00011082088628526374 0.001023414389660924
-0.13482159400961136 0.001167077217988112 -0.0001106522833787773 0.0010270569481668369
-0.13956043858301664 0.0011691792829356571 -0.00011048368048505203 0.0010309584299832567
-0.14429928314978568 0.0011712966436847956 -0.00011031507760674677 0.0010351159073979856
-0.14903812770852884 0.0011734292173669783 -0.0001101464747470788 0.001039526308965274
-0.1537769722575641 0.0011755769211077972 -0.00010997787190993323 0.0010441864298512478
-0.15851581679485652 0.0011777396720337146 -0.00010980926910002292 0.001049092942315023
-0.16325466131794195 0.0011799173872804962 -0.00010964066632303917 0.0010542424062552071
-0.16799350582383682 0.001182109983996473 -0.00010947206358589778 0.0010596312797552924
-0.17273235030892703 0.001184317379348655 -0.00010930346089698866 0.0010652559295653233
-0.17747119476883208 0.0011865394905252048 -0.00010913485826649894 0.0010711126414608464
-0.18221003919824028 0.0011887762347349419 -0.00010896625570683364 0.0010771976304266375
-0.1869488835907022 0.0011910275292085863 -0.0001087976532330872 0.0010835070506151443
-0.1916877279383816 0.0011932932911908553 -0.00010862905086374938 0.0010900370050378244
-0.19642657223174093 0.0011955734379380612 -0.00010846044862144558 0.0010967835549504893
-0.20116541645915556 0.0011978678866978085 -0.00010829184653404665 0.0011037427289001603
-0.2059042606064249 0.0012001765546902294 -0.00010812324463609283 0.0011109105314081908
-0.21064310465615282 0.0012024993590812375 -0.00010795464297049921 0.0011182829512642269
-0.21538194858696108 0.0012048362169297365 -0.00010778604159115276 0.0011258559694209528
-0.22012079237244866 0.0012071870451377453 -0.00010761744056603012 0.0011336255664722657
-0.22485963597985423 0.0012095517603438342 -0.00010744883998217788 0.0011415877297165607
-0.22959847936824085 0.0012119302788141542 -0.00010728023995206296 0.0011497384598041559
-0.23433732248607297 0.0012143225162341642 -0.00010711164062283025 0.0011580737769731244
-0.23907616526784972 0.0012167283874055263 -0.00010694304219129093 0.001166589726911231
-0.243815007629387 0.001219147805876543 -0.00010677444492264746 0.0011752823862375944
-0.24855384946114134 0.0012215806832390514 -0.00010660584918274948 0.0011841478677047446
-0.2532926906183983 0.0012240269282540522 -0.00010643725548268702 0.0011931823251388391
-0.25803153090706815 0.0012264864452937192 -0.0001062686645504472 0.0012023819582776861
-0.26277037006219917 0.0012289591321291513 -0.00010610007744349541 0.0012117430176980253
-0.267509207715824 0.0012314448763763623 -0.00010593149571080209 0.0012212618099920007
-0.27224804334730546 0.0012339435492932263 -0.00010576292169448791 0.0012309347040162242
-0.27698687620640805 0.0012364549975718505 -0.00010559435892578709 0.0012407581382691776
-0.281725705193895 0.001238979028267655 -0.00010542581283614097 0.0012507286313187878
-0.28646452867424355 0.0012415153883465055 -0.00010525729175182857 0.0012608427955724795
-0.2912033441942954 0.0012440637342404108 -0.00010508880823309248 0.0012710973555274674
-0.29594214807174823 0.0012466235948218015 -0.00010492038075510059 0.0012814891690304446
-0.30068093486382885 0.0012491943483617074 -0.00010475203436369488 0.0012920152400276404
-0.3054196967920625 0.0012517752233519356 -0.00010458379961842686 0.0013026727098499691
-0.3101584233330472 0.0012543653925151535 -0.00010441570798098793 0.001313458810796529
-0.31489710120197256 0.0012569640769317539 -0.00010424778674266878 0.0013243708064491655
-0.31963571470556823 0.0012595706219436025 -0.00010408005756743779 0.0013354059662647189
-0.32437424618140925 0.0012621844631348932 -0.00010391253916338208 0.0013465615891158546
-0.3291126761999253 0.0012648050420241588 -0.00010374525101045048 0.00135783504729557
-0.3338509834649741 0.0012674317383372987 -0.0001035782161405927 0.0013692238245627724
-0.3385891444607243 0.0012700638003968268 -0.00010341146337834821 0.001380725545782168
-0.3433271329188909 0.0012727003176502087 -0.00010324502860121025 0.0013923379986668816
-0.3480649191437715 0.001275340171700947 -0.00010307895646152782 0.0014040591569461796
-0.35280246918555 0.0012779820012861836 -0.00010291330195345678 0.00141588720375548
-0.3575397438842024 0.0012806241680387706 -0.00010274813173322993 0.001427820557001022
-0.3622766977259875 0.001283264676427002 -0.00010258352686600581 0.001439857901749026
-0.36701327753996293 0.0012859011693220617 -0.00010241958394998388 0.0014519982205495443
-0.371749420969233 0.001288530801183248 -0.00010225641880221275 0.0014642408373930214
-0.37648505469993043 0.0012911502246889114 -0.00010209416830496983 0.001476585460396046
-0.3812200924398678 0.0012937554763781814 -0.00010193299433617171 0.001489032238977642
-0.38595443252461054 0.001296341870090116 -0.00010177308824286621 0.0015015818297150663
-0.3906879552035233 0.001298903946928383 -0.0001016146737781559 0.0015142354705806617
-0.39542051939602024 0.0013014351778713044 -0.00010145801594590641 0.0015269950829690391
-0.4001519589723828 0.0013039279969814033 -0.00010130342385325756 0.0015398633715296944
-0.40488207835637247 0.0013063734115539647 -0.0001011512625754609 0.0015528439684625562
-0.4096106473457989 0.0013087609108953409 -0.0001010019595213489 0.001565941582129759
-0.4143373951832131 0.0013110781861741174 -0.00010085601528533587 0.0015791621858690036
-0.41906200345741623 0.0013133106474959475 -0.00010071402058149042 0.0015925132440648775
-0.42378409796251043 0.0013154414374937 -0.00010057666262895734 0.0016060039559911094
-0.42850323898649423 0.0013174503968484115 -0.00010044475343341633 0.001619645589295385
-0.4332189101354554 0.001319314169595219 -0.00010031923927839006 0.0016334518080859926
-0.4379305052059378 0.0013210052500054446 -0.00010020123281166856 0.0016474391207460602
-0.44263731291902086 0.0013224913799345737 -0.00010009203635449619 0.0016616273601477317
-0.44733849944993276 0.0013237352883736617 -9.999316475012298e-05 0.001676040241805862
-0.45203308782142443 0.0013246926423573762 -9.99064042288292e-05 0.0016907060742551495
-0.45671993456516613 0.0013253125750593581 -9.983381954968427e-05 0.0017056584566456584
-0.4613977023680667 0.0013255353149633949 -9.977783305528509e-05 0.0017209372293214124
-0.466064829152528 0.0013252915872638026 -9.974125801376573e-05 0.0017365894241555481
-0.47071949346239655 0.0013245022058412106 -9.97273414855014e-05 0.001752670366304178
-0.47535957470394813 0.0013230742953689284 -9.973987248119725e-05 0.001769244996732628
-0.4799826094053353 0.0013209026517365828 -9.978318604497535e-05 0.0017863891036094695
-0.4845857423456524 0.001317867090752164 -9.986227426299854e-05 0.001804190852285456
-0.4891656746421271 0.0013138304383253532 -9.99828549044624e-05 0.0018227522304675647
-0.4937186087103284 0.0013086407543840464 -0.00010015136571612123 0.0018421903721303652
-0.4982401900318724 0.0013021273848518862 -0.00010037509925370978 0.001862638976014652
-0.5027254511010499 0.0012941028531793881 -0.0001006621916429077 0.001884249177401753
-0.5071687594385414 0.0012843662119312337 -0.0001010215658435624 0.001907189883974094
-0.5115637717832751 0.001272704121698092 -0.00010146292883241404 0.0019316474843618905
-0.515903404747191 0.0012588934641017118 -0.00010199664637887254 0.001957824251905299
-0.5201798217894273 0.0012427124274046386 -0.00010263350771221853 0.00198593520387526
-0.524384453192585 0.0012239476164869721 -0.00010338441510859467 0.00201620307007347
-0.5285080476604231 0.001202405506053821 -0.0001042599838629093 0.00204885100560164
-0.532540767674277 0.0011779241219725413 -0.00010526998277895618 0.002084092741041685
-0.5364723317535974 0.0011503873911816705 -0.00010642267322097763 0.00212212028690372
-0.5402922044643367 0.0011197398049449972 -0.00010772408032306626 0.0021630895861617506
-0.5439898300986902 0.001085998018001351 -0.00010917724345996741 0.0022071048351611625
-0.547554899864508 0.0010492578537847415 -0.0001107813911071659 0.002254202508278162
-0.5509776363861368 0.0010096977562531787 -0.00011253128972958406 0.002304336479483429
-0.5542490725374513 0.0009675736404733449 -0.0001144172776099552 0.0023573669199988445
-0.5573613003425208 0.0009232124766526291 -0.00011642468460541265 0.0024130533600707806
-0.5603076796296715 0.0008769881475641475 -0.00011853379478754886 0.002471052360595951
-0.5630829681185818 0.0008293072880001714 -0.0001207209452723255 0.0025309224192925734
-0.5656833812552406 0.0007805890032402283 -0.00012295854874437573 0.0025921338577532997
-0.568106571336594 0.0007312401863069701 -0.00012521641485123406 0.0026540843423472765
-0.5703515578321348 0.0006816305062620151 -0.00012746220844523948 0.002716115009487252
-0.5724185662757239 0.0006321032838764687 -0.0001296625941688415 0.002777531413130163
-0.5743088461456693 0.0005829522353543679 -0.00013178441487104043 0.0028376237812727696
-0.5760244670337371 0.0005344114597272448 -0.00013379545320032926 0.002895685652127345
-0.5775681015755527 0.0004866494025469635 -0.00013566512828600095 0.0029510306156779395
-0.5789428305116419 0.00043979208588074625 -0.0001373648826714986 0.00300300603067487
-0.5801519420211841 0.00039400217698470636 -0.0001388687733767974 0.0030510053017580854
-0.5811987062030988 0.0003493706431769571 -0.00014015387190736427 0.003094476987763204
-0.5820863400864482 0.0003060053751685559 -0.0001412003564865283 0.003132931289249544
-0.5828177143211789 0.0002641211923301863 -0.00014199173185456212 0.0031659445618922996
-0.5833954502807487 0.00022410055313782192 -0.00014251497865756587 0.0031931645491603653
-0.5838216616205815 0.00018664587639692954 -0.00014276033369052323 0.0032143088370890907
-0.5840979147952603 0.00015325381861264979 -0.00014272144166682237 0.003229167606458431
-0.5842252823116255 0.00012695701793244876 -0.00014239563320764874 0.0032376076155887336
-0.5842042810224131 0.00011278040499550076 -0.0001417835605303846 0.003239570150849154
-0.5840348231044765 0.00011549557103126728 -0.00014088927804240274 0.003235070743960992
-0.5837162094193867 0.00013449911891938476 -0.00013972022177530705 0.0032241992901750303
-0.5832472366579626 0.00016475320571646503 -0.0001382871974010327 0.003207123050851881
-0.582626186483111 0.00020185307539119884 -0.00013660428428800914 0.0031840848862290964
-0.581850785513196 0.00024331647027682276 -0.00013468869211290236 0.003155400261475397
-0.5809182914052591 0.0002878141590824687 -0.00013256085487268183 0.003121457172485803
-0.579825770472017 0.0003347435001925857 -0.0001302439697683645 0.003082716395173004
-0.5785699299094661 0.00038367881599885977 -0.00012776394134521332 0.003039704381651204
-0.5771474984389371 0.0004344365332407663 -0.00012514893504974312 0.0029930101286907975
-0.5755552537652696 0.0004867997319931462 -0.0001224289240687856 0.002943275827442
-0.573790187785176 0.0005405195538895579 -0.00011963505651192493 0.0028911872307738583
-0.5718497598299478 0.0005953418602947376 -0.00011679897648011462 0.002837460707425772
-0.5697321124965758 0.0006509751851478954 -0.00011395201387296835 0.00278282674345508
-0.5674362731147173 0.0007070733174195503 -0.00011112432083981381 0.002728011425272637
-0.5649623580613962 0.0007632415818759864 -0.00010834422758165695 0.002673716248584984
-0.5623117414114365 0.0008190487269803847 -0.00010563687230003014 0.0026205978282489916
-0.5594871617322851 0.0008740088499382982 -0.00010302309576022126 0.0025692471631540564
-0.556492822719317 0.0009276319696543806 -0.00010052038483060669 0.0025201721551808528
-0.5533343835346426 0.000979454958149037 -9.814054657155117e-05 0.0024737844569943683
-0.5500188659358115 0.0010290451417336033 -9.589138505001684e-05 0.002430391501988968
-0.5465545015180986 0.0010760351963016142 -9.377632279953197e-05 0.002390195010625938
-0.542950520856844 0.0011201367709198638 -9.179443049563122e-05 0.0023532942633024147
-0.5392168838539726 0.00116114848122261 -8.994153790165212e-05 0.0023196962660565258
-0.5353639983729495 0.0011989598430532508 -8.821092852216498e-05 0.002289329112548372
-0.5314024405999553 0.0012335478545913027 -8.659413610692383e-05 0.0022620575736118295
-0.5273426957831134 0.0012649667188261366 -8.508159719125212e-05 0.0022376994747084523
-0.5231949363263957 0.0012933336737495262 -8.36632114365386e-05 0.002216041386250552
-0.5189688456946501 0.0013188141381396136 -8.232880592638632e-05 0.002196852523930929
-0.5146734900718161 0.001341608995037153 -8.106852632059337e-05 0.0021798963154006923
-0.5103172330967585 0.0013619388773855648 -7.987311857120305e-05 0.002164939455406784
-0.50590769501118 0.0013800340616031603 -7.873408600805292e-05 0.0021517585368469854
-0.5014517465713073 0.0013961223569497942 -7.764367648166524e-05 0.002140144410464671
-0.4969555249414067 0.0014104226735854525 -7.659500548450133e-05 0.002129904781197773
-0.49242446721322264 0.0014231433238688744 -7.558206925972965e-05 0.002120865483885928
-0.4878633599575987 0.0014344779499665867 -7.459955158896333e-05 0.0021128705791138075
-0.48327639333478334 0.0014446004585913416 -7.364283116681571e-05 0.0021057817280924662
-0.4786672166072715 0.0014536692576401047 -7.270800793740253e-05 0.0020994772508411215
-0.4740389964899289 0.0014618260281504256 -7.179166022442176e-05 0.0020938507624917585
-0.46939447150267305 0.0014691944945957886 -7.089088319522439e-05 0.002088809701393147
-0.4647360017519893 0.001475884801358952 -7.000325411959997e-05 0.002084273978477903
-0.46006561855904604 0.0014819928878101872 -6.912665669475374e-05 0.002080174441859765
-0.45538506565386944 0.0014876018228434415 -6.82593440794401e-05 0.0020764515877145233
-0.45069583709998157 0.0014927842523077815 -6.739981959855733e-05 0.002073054362575048
-0.4459992122246892 0.0014976022747776056 -6.65468126982019e-05 0.0020699389976715455
-0.44129628404747945 0.0015021099475230274 -6.569928403356415e-05 0.0020670680881291477
-0.43658798661383946 0.001506353717169898 -6.485632923431886e-05 0.002064409662988663
-0.43187511684343066 0.0015103732281899539 -6.401721134376892e-05 0.0020619364422297588
-0.42715835414997394 0.0015142027325629073 -6.318129564259014e-05 0.0020596251783504493
-0.42243827776355514 0.0015178713252550046 -6.234805350801691e-05 0.002057456055796042
-0.41771538073925074 0.001521404108925178 -6.151704953413817e-05 0.002055412218989187
-0.4129900831568221 0.0015248224631306798 -6.06879075625294e-05 0.0020534793135827665
-0.40826274232981025 0.0015281446522170867 -5.986032441181047e-05 0.002051645135975464
-0.40353366227813936 0.0015313863227627024 -5.903403670321608e-05 0.0020498993085987798
-0.3988031015216978 0.00153456072700063 -5.8208829548542504e-05 0.002048233009806853
-0.3940712797154551 0.0015376792563574454 -5.7384521173789534e-05 0.002046638748609922
-0.3893383836132983 0.0015407515677327483 -5.65609584000743e-05 0.002045110158328145
-0.3846045717062852 0.0015437859281605994 -5.573801751918014e-05 0.0020436418402862634
-0.37986997866374256 0.001546789376318546 -5.4915591296111783e-05 0.0020422292129035195
-0.37513471875638293 0.0015497678662807766 -5.409359423491705e-05 0.002040868397326714
-0.3703988889796071 0.0015527264736422681 -5.327195248723335e-05 0.0020395561150700976
-0.36566257170460037 0.001555669475626807 -5.2450606855393425e-05 0.002038289602060513
-0.36092583689060675 0.0015586004950057211 -5.162950847662881e-05 0.0020370665388515026
-0.3561887441280691 0.0015615225651126783 -5.08086168089302e-05 0.0020358849860737803
-0.351451344232061 0.001564438219040189 -4.998790065546586e-05 0.002034743335720285
-0.3467136807831333 0.0015673495567280764 -4.916733366632707e-05 0.002033640262591293
-0.34197579134256334 0.00157025828971543 -4.8346896182362973e-05 0.002032574686006581
-0.337237708546097 0.0015731658128961407 -4.752657181170574e-05 0.002031545733797363
-0.3324994610374193 0.0015760732428098927 -4.670634830847718e-05 0.0020305527095676856
-0.32776107422744644 0.0015789814677926268 -4.588621596134431e-05 0.0020295950631495094
-0.3230225709576245 0.0015818911922929582 -4.5066166454024716e-05 0.0020286723584070185
-0.31828397196061886 0.001584802990956322 -4.424619198222826e-05 0.0020277842362542214
-0.31354529616862226 0.0015877173864573013 -4.34262827260232e-05 0.0020269303614318685
-0.3088065607202229 0.0015906349519911643 -4.260642460576228e-05 0.002026110354667067
-0.3040677806685823 0.0015935564059357575 -4.178660064568552e-05 0.0020253237398885305
-0.29932896853923996 0.001596482614365837 -4.096679454735822e-05 0.0020245699579692416
-0.2945901340395186 0.0015994144702845608 -4.0146995199739314e-05 0.0020238484502317087
-0.28985128423151996 0.0016023527510547612 -3.932719701412252e-05 0.0020231587444676973
-0.2851124239887097 0.001605298040283697 -3.850739847512955e-05 0.0020225004924516745
-0.2803735565922663 0.0016082507366277667 -3.768759906245329e-05 0.0020218734598439064
-0.2756346842258536 0.0016112110910020635 -3.686779912118918e-05 0.002021277499329981
-0.27089580834648375 0.001614179252755248 -3.6047998782072404e-05 0.002020712523184341
-0.2661569299391745 0.0016171553043816422 -3.522819824602569e-05 0.0020201784821923187
-0.261418049677764 0.0016201392843212918 -3.4408397635127394e-05 0.002019675351580019
-0.2566791680332967 0.001623131203667491 -3.358859699504273e-05 0.0020192031216040847
-0.25194028533984136 0.0016261310552773626 -3.2768796376104915e-05 0.0020187617918117104
-0.24720140183937486 0.001629138820551286 -3.1948995782089645e-05 0.002018351367260984
-0.24246251771010283 0.001632154473278983 -3.112919522591544e-05 0.0020179718561925838
-0.23772363308539088 0.0016351779822303038 -3.0309394702776133e-05 0.0020176232685121514
-0.2329847480667948 0.0016382093129200896 -2.9489594210899413e-05 0.002017305614796279
-0.22824586273251413 0.0016412484285734982 -2.8669793746539754e-05 0.002017018905654289
-0.22350697714368453 0.0016442952909602674 -2.7849993303923435e-05 0.0020167631512858822
-0.21876809134848982 0.0016473498608143857 -2.703019287966789e-05 0.0020165383611960236
-0.21402920538531206 0.0016504120982029562 -2.621039246888761e-05 0.0020163445439899965
-0.20929031928494202 0.0016534819627587686 -2.5390592068858502e-05 0.002016181707236228
-0.2045514330722127 0.001656559413827467 -2.4570791676352604e-05 0.0020160498573676654
-0.19981254676728755 0.0016596444106090555 -2.375099128923327e-05 0.0020159489996101686
-0.1950736603865673 0.0016627369122174775 -2.2931190905733134e-05 0.0020158791379320034
-0.19033477394346524 0.0016658368777614768 -2.211139052428951e-05 0.0020158402750044564
-0.18559588744896058 0.001668944266380511 -2.1291590143975947e-05 0.002015832412174021
-0.18085700091206794 0.001672059037283767 -2.0471789763859458e-05 0.0020158555494400607
-0.17611811434020092 0.001675181149780988 -1.965198938349342e-05 0.002015909685438579
-0.17137922773945777 0.0016783105632974117 -1.883218900242015e-05 0.0020159948174296
-0.16664034111486914 0.0016814472373983711 -1.8012388620422073e-05 0.002016110941287431
-0.1619014544705788 0.0016845911317957404 -1.719258823734823e-05 0.0020162580514936895
-0.15716256781000926 0.0016877422063633581 -1.637278785309298e-05 0.0020164361411318284
-0.15242368113598442 0.0016909004211432283 -1.5552987467665077e-05 0.0020166452018836206
-0.14768479445083688 0.0016940657363524838 -1.4733187081052484e-05 0.0020168852240266726
-0.1429459077564949 0.0016972381123907716 -1.3913386693330208e-05 0.0020171561964332394
-0.13820702105455032 0.0017004175098421445 -1.3093586304548771e-05 0.0020174581065699445
-0.13346813434632018 0.0017036038894812358 -1.2273785914794026e-05 0.0020177909404982862
-0.12872924763289229 0.00170679721227415 -1.1453985524144772e-05 0.0020181546828759787
-0.12399036091516637 0.001709997439382003 -1.0634185132676521e-05 0.00201854931695884
-0.11925147419388618 0.0017132045321622482 -9.814384740475843e-06 0.0020189748246033745
-0.11451258746966665 0.0017164184521698909 -8.99458434761167e-06 0.002019431186269825
-0.10977370074301654 0.001719639161159321 -8.174783954162922e-06 0.0020199183810257716
-0.10503481401435627 0.0017228666210842313 -7.354983560192782e-06 0.0020204363865501803
-0.10029592728403378 0.0017261007940990187 -6.535183165765226e-06 0.0020209851791378785
-0.09555704055233669 0.001729341642558613 -5.7153827709348435e-06 0.0020215647337044613
-0.09081815381950291 0.0017325891290190336 -4.89558237575049e-06 0.0020221750237915627
-0.08607926708572926 0.001735843216237417 -4.075781980258565e-06 0.00202281602157252
-0.08134038035117853 0.0017391038671718771 -3.255981584497109e-06 0.0020234876978583796
-0.07660149361598545 0.00174237104498166 -2.4361811885033434e-06 0.0020241900221042554
-0.07186260688026146 0.0017456447130266776 -1.6163807923074421e-06 0.002024922962416014
-0.06712372014409881 0.0017489248348674827 -7.965803959375852e-07 0.0020256864855572763
-0.06238483340757393 0.0017522113742648095 2.32200005825546e-08 0.0020264805569567444
-0.05764594667075004 0.0017555042951792716 8.430203972322286e-07 0.00202730514071581
-0.0529070599336797 0.0017588035617709529 1.6628207939928134e-06 0.0020281601996164776
-0.04816817319640642 0.0017621091383989026 2.4826211908486747e-06 0.0020290456951295604
-0.04342928645896645 0.0017654209896207362 3.302421587785557e-06 0.002029961587423167
-0.03869039972138999 0.0017687390801920388 4.122221984791642e-06 0.002030907835371454
-0.033951512983702296 0.0017720633750658908 4.94202238185629e-06 0.002031884396563656
-0.02921262624592462 0.0017753938393922676 5.761822778970589e-06 0.0020328912273133663
-0.024473739508074927 0.0017787304385174715 6.581623176126588e-06 0.002033928282668081
-0.01973485277016861 0.0017820731379835327 7.401423573317378e-06 0.002034995516418992
-0.014995966032219005 0.00178542190352757 8.22122397053714e-06 0.0020360928811110224
-0.01025707929423788 0.0017887767010811785 9.041024367780428e-06 0.0020372203280531022
-0.005518192556235858 0.00179213749676976 9.860824765042704e-06 0.0020383778073286784
-0.0007793058182228174 0.0017955042569118681 1.0680625162319787e-05 0.00203956526780645
0.00395958091979177 0.0017988769480185255 1.1500425559608118e-05 0.002040782657151329
0.00869846765779848 0.0018022555367925345 1.2320225956904485e-05 0.0020420299218356147
0.013437354395787617 0.0018056399901277692 1.314002635420583e-05 0.0020433070071503843
0.01817624113374883 0.0018090302751084676 1.3959826751509609e-05 0.002044613857217082
0.022915127871670785 0.0018124263590084907 1.4779627148813308e-05 0.0020459504149993174
0.0276540146095407 0.0018158282092905966 1.5599427546114798e-05 0.0020473166223148546
0.03239290134734392 0.0018192357936056705 1.6419227943411897e-05 0.0020487124198477905
0.03713178808506341 0.0018226490797919666 1.7239028340702986e-05 0.002050137747160923
0.04187067482267903 0.001826068035874331 1.805882873798658e-05 0.0020515925427082916
0.04660956156016695 0.001829492630063376 1.8878629135261402e-05 0.0020530767438479013
0.051348448297498725 0.0018329228307547225 1.9698429532527002e-05 0.00205459028685461
0.0560873350346402 0.0018363586065280875 2.0518229929782844e-05 0.002056133106933187
0.06082622177155039 0.0018397999261465122 2.133803032703009e-05 0.002057705138231525
0.06556510850817994 0.0018432467585554192 2.2157830724269547e-05 0.0020593063138540195
0.07030399524446934 0.001846699072881714 2.2977631121504803e-05 0.002060936565875092
0.07504288198034673 0.0018501568384328964 2.3797431518740587e-05 0.002062595825352871
0.07978176871572544 0.0018536200246959459 2.4617231915983852e-05 0.0020642840223430146
0.08452065545050062 0.0018570886013365281 2.543703231324636e-05 0.002066001085912686
0.08925954218454579 0.0018605625381976083 2.6256832710541238e-05 0.0020677469441546677
0.09399842891770786 0.0018640418052986248 2.7076633107890708e-05 0.0020695215242016226
0.09873731564980189 0.001867526372834027 2.7896433505318768e-05 0.002071324752240505
0.10347620238060427 0.0018710162111719737 2.8716233902864312e-05 0.002073156553527115
0.10821508910984468 0.0018745112908531713 2.9536034300574157e-05 0.0020750168524008112
0.11295397583719628 0.001878011582588736 3.0355834698510797e-05 0.0020769055722993863
0.11769286256226368 0.0018815170572593714 3.117563509676174e-05 0.0020788226357740993
0.12243174928456908 0.0018850276859122938 3.199543549542747e-05 0.002080767964504924
0.12717063600353432 0.0018885434397602312 3.281523589465479e-05 0.0020827414793159584
0.13190952271846051 0.0018920642901781848 3.363503629460815e-05 0.0020847431001910968
0.1366484094285024 0.0018955902087004893 3.445483669552449e-05 0.0020867727462899276
0.14138729613263704 0.0018991211670188327 3.527463709768799e-05 0.0020888303359639497
0.14612618282962778 0.0019026571369761363 3.6094437501466814e-05 0.002090915786773108
0.15086506951797748 0.0019061980905656114 3.6914237907348816e-05 0.0020930290155027143
0.15560395619587553 0.0019097439999213278 3.773403831590126e-05 0.002095169938180926
0.16034284286112976 0.0019132948373161032 3.855383872791041e-05 0.002097338470096653
0.16508172951108624 0.0019168505751517983 3.93736391442661e-05 0.0020995345258183434
0.1698206161425323 0.0019204111859491954 4.019343956619288e-05 0.002101758019213441
0.17455950275157212 0.001923976642342819 4.101323999515613e-05 0.0021040088634690863
0.1792983893334862 0.00192754691705821 4.1833040433025835e-05 0.0021062869711140483
0.18403727588254512 0.0019311219829092152 4.2652840882213534e-05 0.002108592254042316
0.18877616239179426 0.0019347018127622568 4.3472641345516205e-05 0.002110924623539231
0.19351504885277743 0.0019382863795246843 4.429244182674029e-05 0.002113283990309818
0.1982539352551951 0.0019418756561071086 4.51122423301455e-05 0.0021156702645119428
0.2029928215864905 0.0019454696153743333 4.593204286150813e-05 0.002118083355793493
0.20773170783129516 0.0019490682301167013 4.675184342766036e-05 0.002120523173337642
0.2124705939707736 0.0019526714729375483 4.757164403723035e-05 0.0021229896259174655
0.21720947998171924 0.001956279316215934 4.8391444701238695e-05 0.002125482621964104
0.221948365835437 0.001959891731910834 4.921124543203649e-05 0.002128002069657179
0.22668725149623062 0.001963508691430988 5.0031046246890184e-05 0.002130547877040007
0.231426136919349 0.0019671301653672742 5.08508471637021e-05 0.002133119952185637
0.23616502204829495 0.0019707561230707833 5.167064820795293e-05 0.002135718203419148
0.24090390681088547 0.001974386532252882 5.2490449408277804e-05 0.002138342539645832
0.2456427911139864 0.0019780213579425063 5.331025080105944e-05 0.0021409928708275394
0.25038167483560364 0.001981660561644676 5.4130052434736164e-05 0.002143669108684159
0.2551205578136924 0.0019853040990975806 5.494985435362418e-05 0.0021463711677855205
0.25985943982951887 0.001988951917799246 5.576965663818313e-05 0.002149098967155028
0.26459832058216737 0.0019926039526411976 5.658945933794777e-05 0.002151852432888396
0.26933719965108943 0.001996260118483748 5.7409262565425286e-05 0.00215463150210189
0.27407607643608106 0.0019999203008171196 5.82290664114641e-05 0.002157436129316103
0.27881495006716356 0.002003584335666331 5.9048871009039336e-05 0.00216026629648094
0.28355381926023726 0.0020072519874085757 5.986867664749049e-05 0.0021631220282263895
0.28829268209714937 0.0020109229033467607 6.0688483535718456e-05 0.0021660034149098566
0.2930315356990527 0.0020145965642031118 6.15082929839679e-05 0.002168910641201596
0.29777037575663406 0.002018272227881188 6.232810748072723e-05 0.0021718440163071835
0.3025091959808941 0.0020219488907648278 6.314793409604134e-05 0.0021748039814231627
0.30724798755023575 0.002025625365972811 6.396778684479817e-05 0.002177791070588749
0.31198673885896366 0.0020293004144528648 6.478768749343569e-05 0.002180805819082505
0.3167254356468309 0.002032972953826468 6.560766073510993e-05 0.002183848678405957
0.3214640614257264 0.0020366420897379232 6.642772793967502e-05 0.002186920001704149
0.3262025978504652 0.0020403070303704296 6.724790443215452e-05 0.0021900200983246978
0.33094102478860177 0.002043966955775992 6.806820159247687e-05 0.002193149304843519
0.3356793201336823 0.002047620891828686 6.888863055025004e-05 0.0021963080416805506
0.3404174593590955 0.002051267653085228 6.970920392561148e-05 0.0021994968550063635
0.34515541494510943 0.0020549057461284027 7.052993754339897e-05 0.00220271645117048
0.34989315563799317 0.002058533340024983 7.135085205966097e-05 0.0022059677292316734
0.354630645564189 0.002062148174471517 7.217197261251487e-05 0.0022092518187523833
0.35936784323619886 0.002065747498127988 7.29933324231137e-05 0.002212570116236806
0.36410470029164554 0.0020693280057546056 7.381497127588155e-05 0.002215924332653529
0.368841160179993 0.00207288569135494 7.46369398350881e-05 0.0022193165405876756
0.373577156468556 0.0020764158329623856 7.545929934261174e-05 0.002222749234241062
0.3783126110339761 0.002079912752897015 7.628212415645371e-05 0.002226225397380669
0.3830474318925074 0.0020833697770316338 7.710550569404929e-05 0.0022297485798080463
0.3877815106194667 0.002086778997615206 7.792955044845256e-05 0.0022333229990719903
0.39251471958157863 0.002090131084382134 7.875439044269632e-05 0.0022369536433223362
0.39724690831152226 0.0020934151169871473 7.958017863944835e-05 0.0022406464134705545
0.40197789977762266 0.00209661812353926 8.040710101922214e-05 0.0022444082722586148
0.40670748549097063 0.0020997250008735376 8.123537783952904e-05 0.0022482474340969586
0.4114354201366087 0.0021027178306854835 8.206526978114758e-05 0.002252173587114391
0.41616141529216877 0.002105575640559108 8.28970925255245e-05 0.0022561981367686937
0.42088513158957297 0.002108273802970835 8.373121193151996e-05 0.0022603345309270694
0.425606170558725 0.0021107832920201023 8.456807438817653e-05 0.0022645985840058186
0.4303240637277478 0.0021130703283828026 8.540819930080593e-05 0.002269008913701199
0.43503826132198653 0.002115094910654516 8.62522091602898e-05 0.002273587407758311
0.4397481180029033 0.00211681047058061 8.710084847137884e-05 0.0022783597753886064
0.4444528765168697 0.0021181622791183463 8.795498409498239e-05 0.0022833562275170246
0.4491516498970763 0.002119086428323612 8.88156719079953e-05 0.002288612168133983
0.45384339842070665 0.002119508647828104 8.968413155727933e-05 0.0022941691152043604
0.45852690646710875 0.002119341818381121 9.056182658658582e-05 0.0023000756204201328
0.4632007527223757 0.0021184854135574797 9.145049126646487e-05 0.002306388396797627
0.4678632775102256 0.002116822276220267 9.23521464029977e-05 0.0023131736070867086
0.4725125478732424 0.0021142173146298246 9.326922924854561e-05 0.002320508138543955
0.4771463135923278 0.002110516059293189 9.420454926183986e-05 0.00232848121456856
0.4817619644204427 0.0021055401650059346 9.516143059643272e-05 0.0023371959233043247
0.4863564787915161 0.002099087908790421 9.614380066435315e-05 0.002346770826660631
0.49092636801156825 0.00209093187879239 9.715617425467917e-05 0.0023573417372917626
0.4954676251062882 0.0020808160992003685 9.820384642333079e-05 0.002369063029169865
0.4999756639244842 0.0020684592247336444 9.929296631473707e-05 0.002382108872876705
0.5044452621213534 0.0020535546274612253 0.00010043052041630578 0.002396674028105783
0.5088705169643032 0.002035770385685696 0.00010162452166571532 0.0024129735636791226
0.513244801950745 0.0020147595755972115 0.00010288404413121718 0.002431241571698255
0.5175607420274332 0.0019901702313311186 0.00010421918500843607 0.0024517283779207193
0.5218102141106618 0.0019616523477522093 0.0001056410375141565 0.0024746956111614885
0.5259843801591667 0.001928873970262083 0.00010716159501050963 0.002500408848224371
0.5300737542317556 0.0018915437642380948 0.00010879349429040422 0.0025291275803685028
0.5340683138559618 0.001849432815749998 0.00011054965667310848 0.002561092314372515
0.5379576617667708 0.0018023963797215317 0.00011244278240154927 0.0025965090424744748
0.5417312330533045 0.0017503949619145887 0.00011448468524088042 0.0026355317257432064
0.5453785424334132 0.0016935108815535219 0.00011668548212006047 0.0026782440482655333
0.5488894588131692 0.001631957626060829 0.00011905246820148145 0.0027246416492260482
0.552254488722097 0.0015660796774049593 0.00012158927445924863 0.002774617239762268
0.555465050720191 0.0014963438324262855 0.0001242958745863533 0.00282794912567156
0.558513699431902 0.0014233162633512614 0.00012716602425305736 0.002884297869636893
0.561394311949007 0.001347641165790847 0.0001301885296014394 0.002943206530726726
0.564102194555646 0.0012699872999047447 0.00013334565552206183 0.0030041103682230106
0.5666341065274105 0.0011910452595269977 0.0001366154168390927 0.003066351019147949
0.5689882238864536 0.001111461547179677 0.00013996911805181812 0.0031291955740139726
0.5711640216788378 0.001031824262652239 0.00014337421806710153 0.0031918602576171333
0.5731621213048511 0.0009526585679623689 0.0001467953469154889 0.0032535324421788456
0.5749840897094551 0.0008744105647666722 0.0001501950075458275 0.003313393713200914
0.5766322383275477 0.0007974448586217282 0.00015353461578311537 0.0033706405039735272
0.5781094040542367 0.000722056481692639 0.0001567755698934042 0.003424502524518683
0.5794187427497276 0.0006484782086068203 0.0001598801574951051 0.003474257768407534
0.5805635322459544 0.000576908629543374 0.000162812574951427 0.0035192441715294356
0.5815470340019859 0.0005076185443040883 0.00016553926615109544 0.003558868955395882
0.5823723181174211 0.0004408896919765693 0.00016802985445317427 0.0035926142790204427
0.5830421657634758 0.00037735275284451347 0.00017025683656856093 0.003620042786409927
0.5835589956834261 0.0003180447344872443 0.00017219662460460735 0.0036408001654060686
0.5839247037545207 0.00026497882109610416 0.0001738293375350632 0.0036546149686021157
0.5841406701212479 0.00022205971513971934 0.00017513861399488933 0.0036613009728059098
0.5842077374623391 0.00019572344391800337 0.0001761120328283316 0.0036607582838476932
0.5841261746494474 0.0001928906120877098 0.00017674126808760407 0.0036529731302869673
0.5838956531377414 0.00021485687328173995 0.0001770220731304459 0.0036380174558572763
0.583515264584483 0.00025589676977364275 0.0001769542287053985 0.0036160493661457865
0.5829835985967927 0.00030925341176838995 0.00017654158468501037 0.003587312699498037
0.582298711564018 0.00037050321878277906 0.0001757921039724888 0.0035521338703736133
0.5814581371558473 0.00043719217312133474 0.00017471769366133474 0.003510920964117524
0.5804590627379801 0.0005079909032992682 0.00017333431637112798 0.0034641630166945994
0.5792984057447987 0.000582200790811761 0.00017166219734379105 0.0034124246544226747
0.5779728964455296 0.0006593442444603735 0.0001697254179760908 0.003356340714083882
0.5764792417772673 0.0007390692548312485 0.0001675520725419532 0.003296608216467023
0.5748143421833202 0.0008210593875165742 0.00016517373546967446 0.003233975205604037
0.5729754103104983 0.0009049418781557396 0.00016262522897244228 0.0031692273403057937
0.5709601965550714 0.0009902750509589852 0.00015994419906293915 0.00310317119382015
